date,close_raw
2010-01-04,10.63
2010-01-05,10.49
2010-01-06,10.47
2010-01-07,10.17
2010-01-08,10.28
2010-01-11,9.91
2010-01-12,10.02
2010-01-13,9.64
2010-01-14,9.85
2010-01-15,9.97
2010-01-18,10.06
2010-01-19,9.9
2010-01-20,9.89
2010-01-21,10.2
2010-01-22,10.58
2010-01-25,9.88
2010-01-26,9.1
2010-01-27,8.81
2010-01-28,8.91
2010-01-29,8.78
2010-02-01,8.59
2010-02-02,8.54
2010-02-03,8.76
2010-02-04,9.0
2010-02-05,8.76
2010-02-08,8.87
2010-02-10,8.95
2010-02-11,8.92
2010-02-12,8.94
2010-02-22,8.91
2010-02-23,8.8
2010-02-24,9.01
2010-02-25,9.91
2010-02-26,10.55
2010-03-01,10.4
2010-03-02,10.27
2010-03-03,10.07
2010-03-04,9.99
2010-03-05,10.01
2010-03-08,10.06
2010-03-09,10.04
2010-03-10,9.74
2010-03-11,9.55
2010-03-12,9.44
2010-03-15,9.17
2010-03-16,9.36
2010-03-17,9.61
2010-03-18,9.6
2010-03-19,9.8
2010-03-22,9.95
2010-03-23,9.98
2010-03-24,9.75
2010-03-25,9.49
2010-03-26,9.6
2010-03-29,9.88
2010-03-30,9.89
2010-03-31,9.89
2010-04-01,10.07
2010-04-02,10.09
2010-04-06,10.03
2010-04-07,9.99
2010-04-08,10.08
2010-04-09,10.18
2010-04-12,9.83
2010-04-13,9.7
2010-04-14,9.81
2010-04-15,9.68
2010-04-16,9.62
2010-04-19,8.8
2010-04-20,8.6
2010-04-21,8.89
2010-04-22,8.87
2010-04-23,8.88
2010-04-26,9.06
2010-04-27,9.17
2010-04-28,9.17
2010-04-29,8.88
2010-04-30,8.88
2010-05-04,8.81
2010-05-05,9.15
2010-05-06,8.62
2010-05-07,8.24
2010-05-10,8.2
2010-05-11,7.92
2010-05-12,8.0
2010-05-13,7.93
2010-05-14,7.79
2010-05-17,7.15
2010-05-18,7.42
2010-05-19,7.24
2010-05-20,7.15
2010-05-21,7.29
2010-05-24,7.6
2010-05-25,7.57
2010-05-26,7.69
2010-05-27,7.68
2010-05-28,7.54
2010-05-31,7.37
2010-06-01,7.32
2010-06-02,7.52
2010-06-03,7.45
2010-06-04,7.49
2010-06-07,7.49
2010-06-08,7.7
2010-06-09,8.47
2010-06-10,8.2
2010-06-11,7.98
2010-06-17,8.0
2010-06-21,8.15
2010-06-22,8.11
2010-06-23,8.28
2010-06-24,8.17
2010-06-25,8.07
2010-06-28,8.07
2010-06-29,7.77
2010-06-30,7.79
2010-07-01,7.84
2010-07-02,8.03
2010-07-05,7.98
2010-07-06,8.11
2010-07-07,8.15
2010-07-08,8.15
2010-07-09,8.32
2010-07-12,8.33
2010-07-13,7.81
2010-07-14,7.81
2010-07-15,7.62
2010-07-16,7.69
2010-07-19,7.9
2010-07-20,8.06
2010-07-21,8.02
2010-07-22,8.22
2010-07-23,8.15
2010-07-26,8.13
2010-07-27,8.14
2010-07-28,8.33
2010-07-29,8.3
2010-07-30,8.39
2010-08-02,8.44
2010-08-03,8.33
2010-08-04,8.33
2010-08-05,8.29
2010-08-06,8.33
2010-08-09,8.5
2010-08-10,8.15
2010-08-11,8.44
2010-08-12,8.65
2010-08-13,8.99
2010-08-16,9.1
2010-08-17,9.24
2010-08-18,9.0
2010-08-19,9.16
2010-08-20,9.03
2010-08-23,9.07
2010-08-24,9.28
2010-08-25,8.94
2010-08-26,8.86
2010-08-27,8.86
2010-08-30,9.01
2010-08-31,9.08
2010-09-01,9.17
2010-09-02,9.17
2010-09-03,9.21
2010-09-06,9.58
2010-09-07,9.72
2010-09-08,9.54
2010-09-09,9.39
2010-09-10,9.31
2010-09-13,9.59
2010-09-14,9.46
2010-09-15,9.39
2010-09-16,9.37
2010-09-17,9.69
2010-09-20,9.61
2010-09-21,9.52
2010-09-27,9.76
2010-09-28,9.6
2010-09-29,9.48
2010-09-30,9.65
2010-10-08,9.85
2010-10-11,9.85
2010-10-12,9.8
2010-10-13,10.2
2010-10-14,10.09
2010-10-15,9.79
2010-10-18,9.07
2010-10-19,8.95
2010-10-20,8.8
2010-10-21,8.81
2010-10-22,8.77
2010-10-25,8.89
2010-10-26,8.93
2010-10-27,8.96
2010-10-28,8.77
2010-10-29,8.87
2010-11-01,8.92
2010-11-02,9.03
2010-11-03,9.3
2010-11-04,9.27
2010-11-05,9.3
2010-11-08,9.4
2010-11-09,9.43
2010-11-10,9.27
2010-11-11,9.28
2010-11-12,8.75
2010-11-15,9.28
2010-11-16,9.28
2010-11-17,8.9
2010-11-18,8.51
2010-11-19,8.62
2010-11-22,8.65
2010-11-23,8.28
2010-11-24,8.36
2010-11-25,8.77
2010-11-26,8.81
2010-11-29,9.2
2010-11-30,9.26
2010-12-01,9.25
2010-12-02,9.18
2010-12-03,9.16
2010-12-06,9.63
2010-12-07,9.56
2010-12-08,9.21
2010-12-09,8.92
2010-12-10,8.69
2010-12-13,8.84
2010-12-14,9.06
2010-12-15,9.5
2010-12-16,9.72
2010-12-17,9.69
2010-12-20,9.75
2010-12-21,9.89
2010-12-22,9.44
2010-12-23,9.18
2010-12-24,9.24
2010-12-27,8.83
2010-12-28,8.72
2010-12-29,8.94
2010-12-30,8.78
2010-12-31,8.94
2011-01-04,9.18
2011-01-05,9.14
2011-01-06,9.31
2011-01-07,9.22
2011-01-10,8.82
2011-01-11,8.92
2011-01-12,9.3
2011-01-13,9.14
2011-01-14,9.28
2011-01-17,8.92
2011-01-18,8.81
2011-01-19,8.85
2011-01-20,8.14
2011-01-21,8.25
2011-01-24,8.18
2011-01-25,8.06
2011-01-26,8.22
2011-01-27,8.38
2011-01-28,8.29
2011-01-31,8.33
2011-02-01,8.39
2011-02-09,8.21
2011-02-10,8.36
2011-02-14,8.58
2011-02-15,8.58
2011-02-16,8.62
2011-02-17,8.53
2011-02-18,8.53
2011-02-21,8.68
2011-02-22,8.58
2011-02-23,8.44
2011-02-24,8.51
2011-02-25,8.62
2011-02-28,8.52
2011-03-01,8.68
2011-03-02,8.77
2011-03-03,8.84
2011-03-04,8.86
2011-03-07,8.94
2011-03-08,8.92
2011-03-09,8.87
2011-03-10,8.93
2011-03-11,8.8
2011-03-14,8.8
2011-03-15,8.64
2011-03-16,9.5
2011-03-17,9.1
2011-03-18,9.13
2011-03-21,9.15
2011-03-22,9.15
2011-03-23,9.23
2011-03-24,9.11
2011-03-25,9.23
2011-03-28,9.35
2011-03-29,9.3
2011-03-30,9.37
2011-03-31,9.24
2011-04-01,9.34
2011-04-06,9.22
2011-04-07,9.35
2011-04-08,9.33
2011-04-11,9.25
2011-04-12,9.32
2011-04-13,9.48
2011-04-14,9.57
2011-04-15,9.5
2011-04-18,9.6
2011-04-19,9.68
2011-04-20,9.57
2011-04-21,9.73
2011-04-22,9.65
2011-04-25,9.16
2011-04-26,8.98
2011-04-27,8.88
2011-04-28,8.54
2011-04-29,8.69
2011-05-03,8.75
2011-05-04,8.48
2011-05-05,8.54
2011-05-06,8.59
2011-05-09,8.6
2011-05-10,8.76
2011-05-11,8.76
2011-05-12,8.82
2011-05-13,9.0
2011-05-16,8.91
2011-05-18,8.93
2011-05-19,9.14
2011-05-20,9.15
2011-05-23,8.79
2011-05-24,8.85
2011-05-25,9.2
2011-05-26,9.11
2011-05-27,9.0
2011-05-30,8.1
2011-05-31,8.24
2011-06-01,8.5
2011-06-02,8.49
2011-06-03,9.2
2011-06-07,9.33
2011-06-08,9.29
2011-06-09,9.1
2011-06-10,9.27
2011-06-13,9.04
2011-06-14,9.36
2011-06-15,9.11
2011-06-16,8.75
2011-06-17,8.63
2011-06-21,8.76
2011-06-22,8.68
2011-06-23,8.76
2011-06-24,8.97
2011-06-27,9.1
2011-06-28,9.13
2011-06-29,9.11
2011-06-30,9.11
2011-07-01,9.2
2011-07-04,9.24
2011-07-05,9.4
2011-07-06,9.3
2011-07-07,9.17
2011-07-08,9.21
2011-07-11,9.23
2011-07-12,9.16
2011-07-13,9.38
2011-07-14,9.36
2011-07-18,9.55
2011-07-19,9.56
2011-07-20,9.35
2011-07-21,9.25
2011-07-22,9.19
2011-07-25,8.75
2011-07-26,8.76
2011-07-27,8.85
2011-07-28,8.8
2011-07-29,8.86
2011-08-01,9.03
2011-08-02,9.03
2011-08-03,8.93
2011-08-04,9.16
2011-08-05,8.91
2011-08-08,8.45
2011-08-09,8.55
2011-08-10,8.9
2011-08-11,8.95
2011-08-12,8.95
2011-08-15,9.15
2011-08-16,8.89
2011-08-17,8.67
2011-08-18,8.73
2011-08-19,8.76
2011-08-22,8.7
2011-08-23,8.77
2011-08-24,8.7
2011-08-25,8.9
2011-08-26,8.98
2011-08-29,9.03
2011-08-30,9.04
2011-08-31,9.1
2011-09-01,8.95
2011-09-02,9.3
2011-09-06,9.2
2011-09-07,9.51
2011-09-08,9.55
2011-09-09,9.33
2011-09-13,9.14
2011-09-14,9.5
2011-09-15,9.39
2011-09-16,9.45
2011-09-19,9.25
2011-09-20,9.33
2011-09-21,9.69
2011-09-22,10.16
2011-09-23,11.18
2011-09-26,12.3
2011-09-27,11.68
2011-09-28,12.0
2011-09-29,10.8
2011-09-30,10.38
2011-10-10,10.5
2011-10-11,9.86
2011-10-12,10.23
2011-10-13,10.54
2011-10-14,10.43
2011-10-17,10.6
2011-10-18,9.54
2011-10-19,9.22
2011-10-20,9.08
2011-10-21,8.46
2011-10-24,8.61
2011-10-25,8.76
2011-10-26,8.72
2011-10-27,8.55
2011-10-28,8.81
2011-10-31,8.8
2011-11-01,8.69
2011-11-02,8.89
2011-11-03,8.95
2011-11-04,9.13
2011-11-07,8.85
2011-11-08,8.74
2011-11-09,8.92
2011-11-10,8.67
2011-11-11,8.68
2011-11-14,8.87
2011-11-15,9.01
2011-11-16,8.7
2011-11-17,8.64
2011-11-18,8.21
2011-11-21,8.24
2011-11-22,8.19
2011-11-23,8.17
2011-11-24,8.3
2011-11-25,8.1
2011-11-28,7.9
2011-11-29,8.04
2011-11-30,7.5
2011-12-01,7.64
2011-12-02,7.36
2011-12-05,7.38
2011-12-06,7.37
2011-12-07,7.37
2011-12-08,7.31
2011-12-09,7.26
2011-12-12,7.19
2011-12-13,6.6
2011-12-14,6.28
2011-12-15,6.17
2011-12-16,6.31
2011-12-19,6.44
2011-12-20,6.32
2011-12-21,6.12
2011-12-22,5.86
2011-12-23,5.88
2011-12-26,5.64
2011-12-27,5.49
2011-12-28,5.47
2011-12-29,5.44
2011-12-30,5.47
2012-01-04,5.34
2012-01-05,5.1
2012-01-06,4.93
2012-01-09,5.14
2012-01-10,5.65
2012-01-11,5.59
2012-01-12,5.75
2012-01-13,5.46
2012-01-16,5.32
2012-01-17,5.57
2012-01-18,5.5
2012-01-19,5.62
2012-01-20,5.68
2012-01-30,5.58
2012-01-31,5.64
2012-02-01,5.84
2012-02-02,5.97
2012-02-03,6.0
2012-02-06,6.09
2012-02-07,5.85
2012-02-08,6.02
2012-02-09,6.09
2012-02-10,6.32
2012-02-13,6.18
2012-02-14,6.75
2012-02-15,6.76
2012-02-16,6.65
2012-02-17,6.64
2012-02-20,6.64
2012-02-21,6.69
2012-02-22,6.81
2012-02-23,6.75
2012-02-24,7.14
2012-02-27,7.09
2012-02-28,7.08
2012-02-29,6.85
2012-03-01,6.81
2012-03-02,7.03
2012-03-05,6.99
2012-03-06,6.8
2012-03-07,6.7
2012-03-08,6.97
2012-03-09,7.02
2012-03-12,6.95
2012-03-13,7.04
2012-03-14,6.45
2012-03-15,6.28
2012-03-16,6.38
2012-03-19,6.42
2012-03-20,6.32
2012-03-21,6.34
2012-03-22,6.39
2012-03-23,6.23
2012-03-26,6.05
2012-03-27,6.09
2012-03-28,5.65
2012-03-29,5.61
2012-04-05,5.58
2012-04-06,5.66
2012-04-09,5.92
2012-04-10,5.98
2012-04-11,6.09
2012-04-12,6.16
2012-04-13,6.04
2012-04-16,6.16
2012-04-17,6.1
2012-04-18,6.19
2012-04-20,6.35
2012-04-23,6.24
2012-04-24,6.22
2012-04-25,6.34
2012-04-26,6.39
2012-04-27,6.36
2012-05-02,6.46
2012-05-03,6.47
2012-05-04,6.57
2012-05-07,6.77
2012-05-08,6.77
2012-05-09,6.66
2012-05-10,6.65
2012-05-11,6.65
2012-05-14,6.56
2012-05-15,6.52
2012-05-16,6.43
2012-05-17,6.44
2012-05-18,6.33
2012-05-21,6.17
2012-05-22,6.3
2012-05-23,6.31
2012-05-24,6.28
2012-05-25,6.29
2012-05-28,6.25
2012-05-29,6.29
2012-05-30,6.33
2012-05-31,6.33
2012-06-01,6.35
2012-06-04,6.2
2012-06-05,6.22
2012-06-06,6.1
2012-06-07,6.08
2012-06-08,6.12
2012-06-12,6.22
2012-06-13,6.3
2012-06-14,6.27
2012-06-15,6.29
2012-06-18,6.35
2012-06-19,6.3
2012-06-20,6.3
2012-06-21,6.27
2012-06-25,6.17
2012-06-26,6.18
2012-06-27,6.14
2012-06-28,6.0
2012-06-29,6.1
2012-07-02,6.15
2012-07-03,6.14
2012-07-04,6.17
2012-07-05,6.16
2012-07-06,6.23
2012-07-09,6.16
2012-07-10,6.09
2012-07-11,6.08
2012-07-12,6.18
2012-07-13,6.14
2012-07-16,5.83
2012-07-17,5.84
2012-07-18,5.65
2012-07-19,5.69
2012-07-20,5.68
2012-07-23,5.66
2012-07-24,5.9
2012-07-25,5.9
2012-07-26,5.82
2012-07-27,5.8
2012-07-30,5.51
2012-07-31,5.26
2012-08-01,5.3
2012-08-02,5.25
2012-08-03,5.33
2012-08-06,5.4
2012-08-07,5.39
2012-08-08,5.36
2012-08-09,5.41
2012-08-10,5.39
2012-08-13,5.31
2012-08-14,5.35
2012-08-15,5.32
2012-08-16,5.33
2012-08-17,5.42
2012-08-20,5.39
2012-08-21,5.53
2012-08-22,5.61
2012-08-23,5.69
2012-08-24,5.6
2012-08-27,5.61
2012-08-28,5.61
2012-08-29,5.55
2012-08-30,5.37
2012-08-31,5.44
2012-09-03,5.52
2012-09-04,5.52
2012-09-05,5.55
2012-09-06,5.51
2012-09-07,5.67
2012-09-10,5.72
2012-09-11,5.93
2012-09-12,5.93
2012-09-13,5.8
2012-09-14,5.82
2012-09-17,5.68
2012-09-18,5.68
2012-09-19,5.76
2012-09-20,5.74
2012-09-21,5.82
2012-09-24,5.85
2012-09-25,5.83
2012-09-26,5.72
2012-09-27,5.76
2012-09-28,5.87
2012-10-08,5.88
2012-10-09,6.03
2012-10-10,6.07
2012-10-11,6.03
2012-10-12,5.99
2012-10-15,5.98
2012-10-16,5.95
2012-10-17,6.0
2012-10-18,6.14
2012-10-19,6.24
2012-10-22,6.4
2012-10-23,6.4
2012-10-24,6.47
2012-10-25,6.38
2012-10-26,6.37
2012-10-29,6.39
2012-10-30,6.39
2012-10-31,6.29
2012-11-01,6.39
2012-11-02,6.71
2012-11-05,6.98
2012-11-06,6.97
2012-11-07,6.95
2012-11-08,7.25
2012-11-09,7.2
2012-11-12,7.03
2012-11-13,6.96
2012-11-14,6.76
2012-11-15,6.8
2012-11-16,6.94
2012-11-19,7.16
2012-11-20,7.08
2012-11-21,7.15
2012-11-22,7.12
2012-11-23,7.12
2012-11-26,7.08
2012-11-27,6.76
2012-11-28,6.53
2012-11-29,6.49
2012-11-30,6.66
2012-12-03,6.56
2012-12-04,6.64
2012-12-05,6.91
2012-12-06,6.89
2012-12-07,7.23
2012-12-10,7.5
2012-12-11,7.7
2012-12-12,7.5
2012-12-13,7.56
2012-12-14,7.65
2012-12-17,7.6
2012-12-18,7.55
2012-12-19,7.52
2012-12-20,7.45
2012-12-21,7.4
2012-12-24,7.77
2012-12-25,7.86
2012-12-26,7.87
2012-12-27,8.15
2012-12-28,8.19
2012-12-31,8.33
2013-01-04,8.29
2013-01-07,8.28
2013-01-08,8.23
2013-01-09,8.36
2013-01-10,8.38
2013-01-11,8.22
2013-01-14,8.37
2013-01-15,8.36
2013-01-16,8.56
2013-01-17,8.7
2013-01-18,8.95
2013-01-21,9.33
2013-01-22,8.86
2013-01-23,8.47
2013-01-24,8.05
2013-01-25,8.03
2013-01-28,8.04
2013-01-29,8.31
2013-01-30,8.21
2013-01-31,7.92
2013-02-01,7.94
2013-02-04,8.34
2013-02-05,8.25
2013-02-06,8.45
2013-02-07,8.59
2013-02-08,8.39
2013-02-18,8.36
2013-02-19,8.11
2013-02-20,8.1
2013-02-21,7.98
2013-02-22,7.98
2013-02-25,8.17
2013-02-26,8.06
2013-02-27,8.05
2013-02-28,8.2
2013-03-01,8.13
2013-03-04,7.72
2013-03-05,7.6
2013-03-06,7.63
2013-03-07,7.64
2013-03-08,7.75
2013-03-11,7.71
2013-03-12,7.37
2013-03-13,7.41
2013-03-14,7.58
2013-03-15,7.61
2013-03-18,7.44
2013-03-19,7.63
2013-03-20,7.84
2013-03-21,7.84
2013-03-22,7.91
2013-03-25,7.91
2013-03-26,7.71
2013-03-27,8.1
2013-03-28,8.14
2013-03-29,8.14
2013-04-01,8.18
2013-04-02,8.18
2013-04-03,7.86
2013-04-08,7.63
2013-04-09,7.85
2013-04-10,7.83
2013-04-11,7.86
2013-04-12,7.78
2013-04-15,7.67
2013-04-16,7.7
2013-04-18,8.09
2013-04-19,8.09
2013-04-22,7.93
2013-04-23,7.56
2013-04-24,7.49
2013-04-25,7.14
2013-04-26,7.32
2013-05-02,7.37
2013-05-03,7.35
2013-05-06,7.34
2013-05-07,7.3
2013-05-08,7.21
2013-05-09,7.12
2013-05-10,7.28
2013-05-13,7.23
2013-05-14,7.24
2013-05-15,7.25
2013-05-16,7.37
2013-05-17,7.46
2013-05-20,7.59
2013-05-21,7.52
2013-05-22,7.48
2013-05-23,7.45
2013-05-24,7.5
2013-05-27,7.53
2013-05-28,7.61
2013-05-29,7.86
2013-05-30,7.88
2013-05-31,7.86
2013-06-03,7.8
2013-06-04,7.7
2013-06-05,7.86
2013-06-06,7.65
2013-06-07,7.57
2013-06-13,7.22
2013-06-14,7.32
2013-06-17,7.3
2013-06-18,7.41
2013-06-19,7.34
2013-06-20,7.2
2013-06-21,7.23
2013-06-24,6.6
2013-06-25,6.51
2013-06-26,6.42
2013-06-27,6.2
2013-06-28,6.23
2013-07-01,6.32
2013-07-02,6.39
2013-07-03,6.3
2013-07-04,6.36
2013-07-05,6.41
2013-07-08,6.02
2013-07-09,6.08
2013-07-10,6.19
2013-07-11,6.38
2013-07-12,6.54
2013-07-15,6.58
2013-07-16,6.58
2013-07-17,6.59
2013-07-18,6.43
2013-07-19,6.35
2013-07-22,6.34
2013-07-23,6.48
2013-07-24,6.48
2013-07-25,6.43
2013-07-26,6.45
2013-07-29,6.46
2013-07-30,6.47
2013-07-31,6.54
2013-08-01,6.67
2013-08-02,6.81
2013-08-05,6.84
2013-08-06,7.09
2013-08-07,7.12
2013-08-08,7.34
2013-08-09,7.61
2013-08-26,7.58
2013-08-27,7.34
2013-08-29,7.29
2013-08-30,7.32
2013-09-02,7.19
2013-09-03,7.24
2013-09-04,7.22
2013-09-05,7.25
2013-09-06,7.23
2013-09-09,7.34
2013-09-10,7.41
2013-09-11,7.37
2013-09-12,7.42
2013-09-13,7.42
2013-09-16,7.35
2013-09-17,7.21
2013-09-18,7.23
2013-09-23,7.25
2013-09-24,7.12
2013-09-25,6.93
2013-09-26,6.76
2013-09-27,6.79
2013-09-30,6.8
2013-10-08,6.93
2013-10-09,6.91
2013-10-10,6.83
2013-10-11,7.02
2013-10-14,7.11
2013-10-15,7.2
2013-10-16,7.54
2013-10-17,7.1
2013-10-18,7.1
2013-10-21,7.17
2013-10-22,7.16
2013-10-23,7.26
2013-10-24,7.13
2013-10-25,6.98
2013-10-28,6.89
2013-10-29,6.6
2013-10-30,6.68
2013-10-31,6.83
2013-11-01,6.7
2013-11-04,6.77
2013-11-05,6.75
2013-11-06,6.7
2013-11-07,6.63
2013-11-08,6.52
2013-11-11,6.64
2013-11-12,6.63
2013-11-13,6.64
2013-11-14,6.79
2013-11-15,6.81
2013-11-18,6.87
2013-11-19,6.88
2013-11-20,6.92
2013-11-21,6.87
2013-11-22,6.83
2013-11-25,6.81
2013-11-26,6.87
2013-11-27,6.88
2013-11-28,6.96
2013-11-29,6.88
2013-12-02,6.5
2013-12-03,6.64
2013-12-04,6.71
2013-12-05,6.69
2013-12-06,6.61
2013-12-09,6.59
2013-12-10,6.66
2013-12-11,6.66
2013-12-12,6.67
2013-12-13,6.65
2013-12-16,6.52
2013-12-17,6.47
2013-12-18,6.48
2013-12-19,6.46
2013-12-20,6.39
2013-12-23,6.34
2013-12-24,6.4
2013-12-25,6.41
2013-12-26,6.3
2013-12-27,6.39
2013-12-30,6.39
2013-12-31,6.42
2014-01-02,6.43
2014-01-03,6.44
2014-01-06,6.44
2014-01-07,6.48
2014-01-08,6.6
2014-01-09,6.49
2014-01-10,6.23
2014-01-13,6.46
2014-01-14,6.59
2014-01-15,6.58
2014-01-16,6.64
2014-01-17,6.63
2014-01-20,6.6
2014-01-21,6.64
2014-01-22,6.73
2014-01-23,6.7
2014-01-24,6.85
2014-01-27,6.83
2014-01-28,6.78
2014-01-29,6.85
2014-01-30,6.81
2014-02-07,6.8
2014-02-10,6.9
2014-02-11,7.01
2014-02-12,7.03
2014-02-13,6.9
2014-02-14,7.04
2014-02-17,7.12
2014-02-18,6.94
2014-02-19,7.01
2014-02-20,7.02
2014-02-21,7.19
2014-02-24,7.0
2014-02-25,6.76
2014-02-26,6.86
2014-02-27,6.6
2014-02-28,6.55
2014-03-03,6.63
2014-03-04,6.66
2014-03-05,6.66
2014-03-06,6.73
2014-03-07,6.63
2014-03-10,6.33
2014-03-11,6.39
2014-03-12,6.43
2014-03-13,6.46
2014-03-14,6.46
2014-03-17,6.58
2014-03-18,6.56
2014-03-19,6.55
2014-03-20,7.21
2014-03-21,7.33
2014-03-24,7.63
2014-03-25,7.51
2014-03-26,7.42
2014-03-27,7.47
2014-03-28,7.88
2014-03-31,8.24
2014-04-01,8.07
2014-04-02,8.09
2014-04-03,7.58
2014-04-04,7.66
2014-04-08,7.57
2014-04-09,7.64
2014-04-10,7.45
2014-04-11,7.41
2014-04-14,7.45
2014-04-15,7.35
2014-04-16,7.43
2014-04-17,7.33
2014-04-18,7.35
2014-04-21,7.17
2014-04-22,7.26
2014-04-23,7.17
2014-04-24,7.24
2014-04-25,6.83
2014-04-28,6.65
2014-04-29,6.74
2014-04-30,6.83
2014-05-05,6.98
2014-05-06,6.97
2014-05-07,6.78
2014-05-08,6.8
2014-05-09,6.72
2014-05-12,6.83
2014-05-13,6.87
2014-05-14,6.88
2014-05-15,6.6
2014-05-16,6.58
2014-05-19,6.63
2014-05-20,6.63
2014-05-21,6.68
2014-05-22,6.69
2014-05-23,6.79
2014-05-26,6.77
2014-05-27,6.63
2014-05-28,6.75
2014-05-29,6.7
2014-05-30,6.69
2014-06-03,6.77
2014-06-04,6.79
2014-06-05,6.8
2014-06-06,6.85
2014-06-09,6.86
2014-06-10,6.87
2014-06-11,6.91
2014-06-12,6.94
2014-06-13,6.96
2014-06-16,6.95
2014-06-17,6.85
2014-06-18,6.8
2014-06-19,6.47
2014-06-20,6.55
2014-06-23,6.74
2014-06-24,6.9
2014-06-25,6.96
2014-06-26,6.98
2014-06-27,7.12
2014-06-30,7.18
2014-07-01,7.13
2014-07-02,7.08
2014-07-03,7.2
2014-07-04,7.18
2014-07-07,7.19
2014-07-08,7.25
2014-07-09,7.3
2014-07-10,7.14
2014-07-11,7.3
2014-07-14,7.43
2014-07-15,7.58
2014-07-16,7.51
2014-07-17,7.52
2014-07-18,7.61
2014-07-21,7.49
2014-07-22,7.62
2014-07-23,7.46
2014-07-24,7.55
2014-07-25,7.56
2014-07-28,7.79
2014-07-29,7.94
2014-07-30,7.73
2014-07-31,7.8
2014-08-01,7.69
2014-08-04,7.82
2014-08-05,7.88
2014-08-06,7.88
2014-08-07,7.73
2014-08-08,7.78
2014-08-11,7.89
2014-08-12,8.03
2014-08-13,8.05
2014-08-14,8.13
2014-08-15,8.23
2014-08-18,8.44
2014-08-19,8.35
2014-08-20,8.39
2014-08-21,8.29
2014-08-22,8.35
2014-08-25,8.47
2014-08-26,8.18
2014-08-27,8.31
2014-08-28,8.43
2014-08-29,8.67
2014-09-01,8.8
2014-09-02,8.91
2014-09-03,9.28
2014-09-04,10.21
2014-09-05,10.43
2014-09-09,10.36
2014-09-10,10.25
2014-09-11,10.15
2014-09-12,10.01
2014-09-15,10.19
2014-09-16,10.0
2014-09-17,9.8
2014-09-18,9.75
2014-09-19,10.4
2014-09-22,10.3
2014-09-23,10.6
2014-09-24,10.63
2014-09-25,10.6
2014-09-26,10.58
2014-09-29,11.01
2014-09-30,11.3
2014-10-08,11.46
2014-10-09,11.3
2014-10-10,11.2
2014-10-13,11.33
2014-10-14,11.6
2014-10-15,11.65
2014-10-16,11.65
2014-10-17,11.07
2014-10-20,11.09
2014-10-21,10.72
2014-10-22,10.42
2014-10-23,10.18
2014-10-24,10.44
2014-10-27,10.43
2014-10-28,10.65
2014-10-29,10.82
2014-10-30,11.01
2014-10-31,11.05
2014-11-03,11.05
2014-11-04,10.9
2014-11-05,10.9
2014-11-06,11.07
2014-11-07,11.06
2014-11-10,10.77
2014-11-11,10.24
2014-11-12,10.52
2014-11-13,10.31
2014-11-14,10.58
2014-11-17,10.3
2014-11-18,10.4
2014-11-19,9.98
2014-11-20,9.91
2014-11-21,10.06
2014-11-24,10.5
2014-11-25,10.39
2014-11-26,10.5
2014-11-27,10.45
2014-11-28,11.3
2014-12-01,10.86
2014-12-02,10.86
2014-12-03,10.9
2014-12-04,10.84
2014-12-05,10.18
2014-12-08,10.32
2014-12-09,9.64
2014-12-10,9.82
2014-12-11,10.09
2014-12-12,10.15
2014-12-15,10.12
2014-12-16,10.06
2014-12-17,9.85
2014-12-18,9.89
2014-12-19,9.89
2014-12-22,8.9
2014-12-23,8.63
2014-12-24,8.8
2014-12-25,8.84
2014-12-26,8.96
2014-12-29,8.8
2014-12-30,8.65
2014-12-31,8.89
2015-01-05,9.3
2015-01-06,9.19
2015-01-07,9.15
2015-01-08,9.1
2015-01-09,8.89
2015-01-12,8.53
2015-01-13,8.68
2015-01-14,8.73
2015-01-15,8.84
2015-01-16,8.93
2015-01-19,8.76
2015-01-20,9.0
2015-01-22,9.9
2015-01-23,9.71
2015-01-26,9.92
2015-01-27,9.92
2015-01-28,9.94
2015-01-29,10.02
2015-01-30,10.47
2015-02-02,10.08
2015-02-03,10.19
2015-02-04,10.09
2015-02-05,10.01
2015-02-06,9.84
2015-02-09,9.98
2015-02-10,10.11
2015-02-11,10.35
2015-02-12,10.58
2015-02-13,10.72
2015-02-16,11.3
2015-02-17,11.03
2015-02-25,11.71
2015-02-26,12.88
2015-02-27,13.2
2015-03-02,13.56
2015-03-03,13.27
2015-03-04,12.88
2015-03-05,13.04
2015-03-06,12.25
2015-03-09,12.54
2015-03-10,12.45
2015-03-11,12.12
2015-03-12,12.18
2015-03-13,12.29
2015-03-16,12.77
2015-03-17,12.82
2015-03-18,13.16
2015-03-19,12.93
2015-03-20,13.5
2015-03-23,13.65
2015-03-24,13.27
2015-03-25,13.03
2015-03-26,13.1
2015-03-27,14.41
2015-03-30,15.85
2015-03-31,15.86
2015-04-01,15.69
2015-04-02,15.83
2015-04-03,15.49
2015-04-07,15.67
2015-04-08,15.89
2015-04-09,16.39
2015-04-10,16.22
2015-04-13,15.62
2015-04-14,15.24
2015-04-15,14.46
2015-04-16,14.64
2015-04-17,14.53
2015-04-20,14.72
2015-04-21,14.9
2015-04-22,15.44
2015-04-23,15.4
2015-04-24,15.02
2015-04-27,15.04
2015-04-28,14.45
2015-04-29,14.7
2015-04-30,15.39
2015-05-04,15.89
2015-05-05,14.74
2015-05-06,14.75
2015-05-07,14.25
2015-05-08,14.91
2015-05-11,15.75
2015-05-12,15.6
2015-05-13,17.16
2015-05-14,17.05
2015-05-15,17.8
2015-05-18,19.58
2015-05-19,21.54
2015-05-20,23.69
2015-05-21,26.06
2015-05-22,24.59
2015-05-25,27.05
2015-05-26,29.0
2015-05-27,28.0
2015-05-28,25.2
2015-05-29,26.3
2015-06-01,28.66
2015-06-02,30.7
2015-06-03,29.5
2015-06-04,31.55
2015-06-05,33.98
2015-06-08,30.9
2015-06-09,29.16
2015-06-10,29.6
2015-06-11,30.13
2015-06-12,31.8
2015-06-15,30.73
2015-06-16,29.76
2015-06-17,29.47
2015-06-18,29.1
2015-06-19,27.75
2015-06-23,26.39
2015-06-24,26.66
2015-06-25,23.99
2015-06-26,21.59
2015-06-29,20.03
2015-06-30,22.03
2015-07-01,21.1
2015-07-02,19.47
2015-07-03,17.52
2015-07-06,15.77
2015-07-07,14.19
2015-07-08,12.77
2015-07-09,14.05
2015-07-10,15.46
2015-07-13,17.01
2015-07-14,18.71
2015-07-15,16.84
2015-07-16,17.11
2015-07-17,18.82
2015-07-20,20.2
2015-07-21,20.18
2015-07-22,19.43
2015-07-23,19.86
2015-07-24,19.47
2015-07-27,19.65
2015-07-28,19.23
2015-07-29,21.15
2015-07-30,22.0
2015-07-31,21.98
2015-08-03,21.02
2015-08-04,22.53
2015-08-05,22.6
2015-08-06,24.26
2015-08-07,25.05
2015-08-10,26.12
2015-08-11,26.3
2015-08-12,27.19
2015-08-13,29.91
2015-08-14,29.11
2015-08-17,29.4
2015-08-18,26.46
2015-08-19,27.72
2015-08-20,27.58
2015-08-21,26.3
2015-08-24,23.67
2015-08-25,21.3
2015-08-26,19.17
2015-08-27,20.37
2015-08-28,21.3
2015-08-31,19.17
2015-09-01,17.25
2015-09-02,15.53
2015-09-07,14.52
2015-09-08,15.97
2015-09-09,17.57
2015-09-10,18.8
2015-09-11,18.9
2015-09-14,17.01
2015-09-15,15.31
2015-09-16,16.84
2015-09-17,16.7
2015-09-18,16.73
2015-09-21,18.0
2015-09-22,18.29
2015-09-23,17.54
2015-09-24,17.95
2015-09-25,16.53
2015-09-28,16.79
2015-09-29,16.43
2015-09-30,15.91
2015-10-08,17.02
2015-10-09,17.1
2015-10-12,18.81
2015-10-13,19.63
2015-10-14,18.8
2015-10-15,19.61
2015-10-16,20.62
2015-10-19,19.6
2015-10-20,19.55
2015-10-21,17.98
2015-10-22,18.38
2015-10-23,18.7
2015-10-26,20.3
2015-10-27,20.1
2015-10-28,19.7
2015-10-29,20.28
2015-10-30,20.02
2015-11-02,18.17
2015-11-03,18.19
2015-11-04,19.06
2015-11-05,19.0
2015-11-06,19.2
2015-11-09,21.12
2015-11-10,21.72
2015-11-11,22.6
2015-11-12,22.01
2015-11-13,21.3
2015-11-16,21.96
2015-11-17,21.33
2015-11-18,21.0
2015-11-19,22.02
2015-11-20,22.41
2015-11-23,22.0
2015-11-24,22.31
2015-11-25,22.41
2015-11-26,22.18
2015-11-27,19.96
2015-11-30,19.15
2015-12-01,20.03
2015-12-02,19.99
2015-12-03,20.19
2015-12-04,20.65
2015-12-07,21.67
2015-12-08,23.84
2015-12-09,26.22
2015-12-10,28.84
2015-12-11,31.72
2015-12-14,34.89
2015-12-15,35.38
2015-12-16,38.92
2015-12-17,42.81
2015-12-18,44.1
2015-12-21,46.9
2015-12-22,45.3
2015-12-23,44.65
2015-12-24,44.03
2015-12-25,44.26
2015-12-28,45.5
2015-12-29,42.39
2015-12-30,42.85
2015-12-31,40.23
2016-01-04,44.08
2016-01-05,48.49
2016-01-06,53.34
2016-01-07,49.92
2016-01-08,54.91
2016-01-11,50.4
2016-01-12,45.36
2016-01-13,49.7
2016-01-14,52.65
2016-01-15,48.43
2016-01-18,53.27
2016-01-19,58.6
2016-01-20,57.96
2016-01-21,57.8
2016-01-22,58.0
2016-01-25,59.2
2016-01-26,53.28
2016-01-27,49.09
2016-01-28,44.18
2016-01-29,47.4
2016-02-01,47.4
2016-02-02,49.3
2016-02-03,52.75
2016-02-04,54.3
2016-02-05,52.41
2016-02-15,57.65
2016-02-16,63.42
2016-02-17,64.2
2016-02-18,65.39
2016-02-19,66.4
2016-02-22,66.45
2016-02-23,59.82
2016-02-24,60.62
2016-02-25,54.56
2016-02-26,51.99
2016-02-29,47.5
2016-03-01,52.25
2016-03-02,57.48
2016-03-03,58.3
2016-03-04,52.5
2016-03-07,55.68
2016-03-08,15.6
2016-03-09,17.16
2016-03-10,16.98
2016-03-11,15.64
2016-03-14,15.95
2016-03-15,14.81
2016-03-16,14.96
2016-03-17,15.18
2016-03-18,15.86
2016-03-21,16.43
2016-03-22,18.07
2016-03-23,19.88
2016-03-28,18.72
2016-03-29,17.83
2016-03-30,18.39
2016-03-31,17.83
2016-04-01,16.82
2016-04-05,17.17
2016-04-06,17.8
2016-04-07,16.91
2016-04-08,16.37
2016-04-11,16.55
2016-04-12,17.0
2016-04-13,16.91
2016-04-14,16.82
2016-04-15,16.59
2016-04-18,16.03
2016-04-19,16.06
2016-04-20,14.61
2016-04-21,15.1
2016-04-22,14.79
2016-04-25,14.21
2016-04-26,14.37
2016-04-27,14.7
2016-04-28,14.33
2016-04-29,14.19
2016-05-03,14.56
2016-05-04,14.49
2016-05-05,14.69
2016-05-06,14.15
2016-05-09,12.82
2016-05-10,12.44
2016-05-11,12.09
2016-05-12,11.62
2016-05-13,11.9
2016-05-16,12.03
2016-05-17,11.95
2016-05-18,11.3
2016-05-19,11.65
2016-05-20,11.47
2016-05-23,11.55
2016-05-24,11.25
2016-05-25,11.12
2016-05-26,11.0
2016-05-27,11.0
2016-05-30,11.54
2016-05-31,11.95
2016-06-01,11.83
2016-06-02,12.01
2016-06-03,11.86
2016-06-06,11.71
2016-06-07,11.63
2016-06-08,11.56
2016-06-13,10.82
2016-06-14,10.94
2016-06-15,11.2
2016-06-16,11.01
2016-06-17,10.95
2016-06-20,11.18
2016-06-21,10.85
2016-06-22,10.89
2016-06-23,10.85
2016-06-24,10.5
2016-06-27,10.66
2016-06-28,11.07
2016-06-29,11.03
2016-06-30,11.37
2016-07-01,11.12
2016-07-04,11.12
2016-07-05,11.2
2016-07-06,11.33
2016-07-07,11.13
2016-07-08,11.32
2016-07-11,11.15
2016-07-12,11.18
2016-07-13,11.45
2016-07-14,11.51
2016-07-15,11.3
2016-07-18,11.12
2016-07-19,11.19
2016-07-20,11.24
2016-07-21,11.22
2016-07-22,11.08
2016-07-25,11.03
2016-07-26,11.22
2016-07-27,10.51
2016-07-28,10.39
2016-07-29,10.23
2016-08-01,9.98
2016-08-02,10.02
2016-08-03,9.99
2016-08-04,10.16
2016-08-05,10.01
2016-08-08,11.01
2016-08-09,11.6
2016-08-10,11.33
2016-08-11,11.03
2016-08-12,11.23
2016-08-15,11.28
2016-08-16,11.3
2016-08-17,11.15
2016-08-18,11.39
2016-08-19,11.11
2016-08-22,10.91
2016-08-23,10.71
2016-08-24,10.69
2016-08-25,10.4
2016-08-26,10.41
2016-08-29,10.42
2016-08-30,10.66
2016-08-31,10.62
2016-09-01,10.37
2016-09-02,10.33
2016-09-05,10.35
2016-09-06,10.4
2016-09-07,10.39
2016-09-08,10.39
2016-09-09,10.25
2016-09-12,10.02
2016-09-13,10.07
2016-09-14,10.07
2016-09-19,10.1
2016-09-20,10.04
2016-09-21,10.29
2016-09-22,10.29
2016-09-23,10.09
2016-09-26,9.96
2016-09-27,10.21
2016-09-28,10.08
2016-09-29,10.04
2016-09-30,10.05
2016-10-10,9.85
2016-10-11,9.9
2016-10-12,9.89
2016-10-13,9.85
2016-10-14,9.76
2016-10-17,9.65
2016-10-18,9.74
2016-10-19,9.82
2016-10-20,10.8
2016-10-21,10.98
2016-10-24,11.15
2016-10-25,10.79
2016-10-26,10.48
2016-10-27,10.5
2016-10-28,10.14
2016-10-31,10.03
2016-11-01,10.19
2016-11-02,10.01
2016-11-03,10.02
2016-11-04,9.86
2016-11-07,9.77
2016-11-08,9.88
2016-11-09,9.74
2016-11-10,9.83
2016-11-11,9.75
2016-11-14,9.77
2016-11-15,10.75
2016-11-16,10.5
2016-11-17,10.15
2016-11-18,10.01
2016-11-21,10.09
2016-11-22,10.07
2016-11-23,10.37
2016-11-24,10.52
2016-11-25,10.47
2016-11-28,10.23
2016-11-29,10.11
2016-11-30,10.29
2016-12-01,10.21
2016-12-02,9.97
2016-12-05,9.95
2016-12-06,10.01
2016-12-07,10.1
2016-12-08,9.95
2016-12-09,9.98
2016-12-12,9.17
2016-12-13,9.11
2016-12-14,9.23
2016-12-15,9.25
2016-12-16,9.32
2016-12-19,9.23
2016-12-20,9.21
2016-12-21,9.38
2016-12-22,9.24
2016-12-23,9.24
2016-12-26,9.29
2016-12-27,9.27
2016-12-28,9.21
2016-12-29,9.12
2016-12-30,9.09
2017-01-03,9.23
2017-01-04,9.27
2017-01-05,9.23
2017-01-06,9.15
2017-01-09,9.16
2017-01-10,9.17
2017-01-11,9.06
2017-01-12,9.05
2017-01-13,8.77
2017-01-16,8.16
2017-01-17,8.25
2017-01-18,8.37
2017-01-19,8.25
2017-01-20,8.3
2017-01-23,8.29
2017-01-24,8.19
2017-01-25,8.19
2017-01-26,8.22
2017-02-03,8.27
2017-02-06,8.3
2017-02-07,8.37
2017-02-08,8.39
2017-02-09,8.46
2017-02-10,8.38
2017-02-13,8.55
2017-02-14,8.45
2017-02-15,8.33
2017-02-16,8.35
2017-02-17,8.27
2017-02-20,8.33
2017-02-21,8.42
2017-02-22,8.43
2017-02-23,8.37
2017-02-24,8.42
2017-02-27,8.37
2017-02-28,8.42
2017-03-01,8.41
2017-03-02,8.31
2017-03-03,8.23
2017-03-06,8.3
2017-03-07,8.36
2017-03-08,8.38
2017-03-09,8.27
2017-03-10,8.25
2017-03-13,8.3
2017-03-14,8.3
2017-03-15,8.23
2017-03-16,8.28
2017-03-17,8.26
2017-03-20,8.24
2017-03-21,8.23
2017-03-22,8.08
2017-03-23,8.03
2017-03-24,8.05
2017-03-27,8.0
2017-03-28,7.95
2017-03-29,7.82
2017-03-30,7.47
2017-03-31,7.49
2017-04-05,7.78
2017-04-06,7.7
2017-04-07,7.85
2017-04-10,8.0
2017-04-11,7.97
2017-04-12,7.75
2017-04-13,7.73
2017-04-14,7.54
2017-04-17,7.33
2017-04-18,7.25
2017-04-19,7.05
2017-04-20,7.05
2017-04-21,6.99
2017-04-24,6.63
2017-04-25,6.62
2017-04-26,6.54
2017-04-27,6.54
2017-04-28,6.59
2017-09-29,7.25
2017-10-09,7.08
2017-10-10,7.04
2017-10-11,6.75
2017-10-12,6.7
2017-10-13,6.71
2017-10-16,6.44
2017-10-17,6.48
2017-10-18,6.38
2017-10-19,6.19
2017-10-20,6.29
2017-10-23,6.31
2017-10-24,6.5
2017-10-25,6.45
2017-10-26,6.45
2017-10-27,6.33
2017-10-30,6.1
2017-10-31,6.13
2017-11-01,6.25
2017-11-02,6.14
2017-11-03,6.08
2017-11-06,6.1
2017-11-07,6.23
2017-11-08,6.17
2017-11-09,6.11
2017-11-10,6.12
2017-11-13,6.06
2017-11-14,5.99
2017-11-15,5.86
2017-11-16,6.45
2017-11-17,6.29
2017-11-20,6.08
2017-11-21,6.69
2017-11-22,6.69
2017-11-23,6.79
2017-11-24,6.65
2017-11-27,6.49
2017-11-28,6.63
2017-11-29,6.62
2017-11-30,6.36
2017-12-01,6.32
2017-12-04,6.0
2017-12-05,5.93
2017-12-06,6.01
2017-12-07,6.15
2017-12-08,6.16
2017-12-11,6.13
2017-12-12,6.13
2017-12-13,6.06
2017-12-14,6.01
2017-12-15,6.0
2017-12-18,5.93
2017-12-19,6.03
2017-12-20,5.92
2017-12-21,5.96
2017-12-22,5.88
2017-12-25,5.88
2017-12-26,5.82
2017-12-27,5.84
2017-12-28,5.82
2017-12-29,5.84
2018-01-02,5.95
2018-01-03,5.97
2018-01-04,6.03
2018-01-05,6.14
2018-01-08,6.2
2018-01-09,6.42
2018-01-10,6.22
2018-01-11,6.19
2018-01-12,6.58
2018-01-15,6.06
2018-01-16,6.27
2018-01-17,6.12
2018-01-18,6.11
2018-01-19,6.06
2018-01-22,6.04
2018-01-23,6.13
2018-01-24,6.12
2018-01-25,6.07
2018-01-26,6.14
2018-01-29,5.94
2018-01-30,6.03
2018-01-31,5.89
2018-02-01,5.68
2018-02-02,5.57
2018-02-05,5.5
2018-02-06,4.95
2018-02-07,4.98
2018-02-08,5.03
2018-02-09,4.8
2018-02-12,4.93
2018-02-13,4.94
2018-02-14,5.01
2018-02-22,5.09
2018-02-23,5.09
2018-02-26,5.15
2018-02-27,5.17
2018-02-28,5.23
2018-03-01,5.21
2018-03-02,5.18
2018-03-05,5.27
2018-03-06,5.35
2018-03-07,5.29
2018-03-08,5.32
2018-03-09,5.42
2018-03-12,5.46
2018-03-13,5.49
2018-03-14,5.35
2018-03-15,5.23
2018-03-16,5.24
2018-03-19,5.23
2018-03-20,5.19
2018-03-21,5.32
2018-03-22,5.25
2018-03-23,4.87
2018-03-26,4.93
2018-03-27,5.07
2018-03-28,5.02
2018-03-29,5.22
2018-03-30,5.16
2018-04-02,5.14
2018-04-03,5.03
2018-04-04,5.02
2018-04-09,4.99
2018-04-10,5.0
2018-04-11,5.05
2018-04-12,5.01
2018-04-13,5.0
2018-04-16,4.95
2018-04-17,4.88
2018-04-18,4.92
2018-04-19,4.93
2018-04-20,4.83
2018-04-23,4.8
2018-04-24,4.89
2018-04-25,4.86
2018-04-26,4.85
2018-04-27,4.78
2018-05-02,4.71
2018-05-03,4.72
2018-05-04,4.72
2018-05-07,4.76
2018-05-08,4.82
2018-05-09,4.82
2018-05-10,4.95
2018-05-11,4.84
2018-05-14,4.74
2018-05-15,4.78
2018-05-16,4.73
2018-05-17,4.72
2018-05-18,4.73
2018-05-21,4.76
2018-05-22,4.77
2018-05-23,4.71
2018-05-24,4.7
2018-05-25,4.65
2018-05-28,4.58
2018-05-29,4.53
2018-05-30,4.23
2018-05-31,4.26
2018-06-01,4.26
2018-06-04,4.24
2018-06-05,4.29
2018-06-06,4.26
2018-06-07,4.29
2018-06-08,4.18
2018-06-11,4.15
2018-06-12,4.15
2018-06-13,4.03
2018-06-14,4.11
2018-06-15,4.02
2018-06-19,3.63
2018-06-20,3.7
2018-06-21,3.51
2018-06-22,3.56
2018-06-25,3.6
2018-06-26,3.63
2018-06-27,3.61
2018-06-28,3.58
2018-06-29,3.69
2018-07-02,3.69
2018-07-03,3.72
2018-07-04,3.7
2018-07-05,3.67
2018-07-06,3.75
2018-07-09,3.85
2018-07-10,4.02
2018-07-11,3.93
2018-07-12,3.96
2018-07-13,3.97
2018-07-16,3.93
2018-07-17,3.92
2018-07-18,3.89
2018-07-19,3.91
2018-07-20,3.97
2018-07-23,3.96
2018-07-24,3.98
2018-07-25,3.98
2018-07-26,4.05
2018-07-27,4.01
2018-07-30,3.97
2018-07-31,3.97
2018-08-01,3.85
2018-08-02,3.7
2018-08-03,3.7
2018-08-06,3.63
2018-08-07,3.69
2018-08-08,3.66
2018-08-09,3.71
2018-08-10,3.74
2018-08-13,3.7
2018-08-14,3.7
2018-08-15,3.64
2018-08-16,3.6
2018-08-17,3.54
2018-08-20,3.54
2018-08-21,3.57
2018-08-22,3.54
2018-08-23,3.55
2018-08-24,3.54
2018-08-27,3.57
2018-08-28,3.57
2018-08-29,3.55
2018-08-30,3.5
2018-08-31,3.48
2018-09-03,3.44
2018-09-04,3.47
2018-09-05,3.44
2018-09-06,3.43
2018-09-07,3.46
2018-09-10,3.57
2018-09-11,3.48
2018-09-12,3.51
2018-09-13,3.51
2018-09-14,3.51
2018-09-17,3.45
2018-09-18,3.47
2018-09-19,3.52
2018-09-20,3.48
2018-09-21,3.52
2018-09-25,3.47
2018-09-26,3.48
2018-09-27,3.41
2018-09-28,3.44
2018-10-08,3.35
2018-10-09,3.34
2018-10-10,3.31
2018-10-11,3.03
2018-10-12,2.94
2018-10-15,2.93
2018-10-16,2.89
2018-10-17,2.91
2018-10-18,2.8
2018-10-19,2.81
2018-10-22,2.98
2018-10-23,2.91
2018-10-24,2.92
2018-10-25,2.92
2018-10-26,3.15
2018-10-29,2.95
2018-10-30,2.98
2018-10-31,2.99
2018-11-01,3.0
2018-11-02,3.06
2018-11-05,3.07
2018-11-06,3.1
2018-11-07,3.09
2018-11-08,3.07
2018-11-09,3.11
2018-11-12,3.22
2018-11-13,3.34
2018-11-14,3.43
2018-11-15,3.42
2018-11-16,3.39
2018-11-19,3.49
2018-11-20,3.31
2018-11-21,3.35
2018-11-22,3.36
2018-11-23,3.14
2018-11-26,3.11
2018-11-27,3.15
2018-11-28,3.17
2018-11-29,3.07
2018-11-30,3.09
2018-12-03,3.18
2018-12-04,3.23
2018-12-05,3.18
2018-12-06,3.13
2018-12-07,3.14
2018-12-10,3.04
2018-12-11,3.06
2018-12-12,3.07
2018-12-13,3.1
2018-12-14,3.07
2018-12-17,3.04
2018-12-18,3.01
2018-12-19,3.0
2018-12-20,3.03
2018-12-21,2.99
2018-12-24,3.06
2018-12-25,2.97
2018-12-26,2.96
2018-12-27,2.92
2018-12-28,2.93
2019-01-02,2.92
2019-01-03,2.9
2019-01-04,2.97
2019-01-07,3.03
2019-01-08,3.01
2019-01-09,3.03
2019-01-10,3.03
2019-01-11,3.12
2019-01-14,3.07
2019-01-15,3.09
2019-01-16,3.05
2019-01-17,3.03
2019-01-18,3.05
2019-01-21,3.07
2019-01-22,3.04
2019-01-23,3.03
2019-01-24,3.05
2019-01-25,3.03
2019-01-28,3.02
2019-01-29,2.92
2019-01-30,2.9
2019-01-31,2.78
2019-02-01,2.87
2019-02-11,2.93
2019-02-12,2.97
2019-02-13,3.03
2019-02-14,3.04
2019-02-15,3.03
2019-02-18,3.11
2019-02-19,3.13
2019-02-20,3.17
2019-02-21,3.13
2019-02-22,3.32
2019-02-25,3.49
2019-02-26,3.39
2019-02-27,3.73
2019-02-28,3.83
2019-03-01,3.73
2019-03-04,4.1
2019-03-05,4.4
2019-03-06,4.49
2019-03-07,4.38
2019-03-08,3.95
2019-03-11,4.08
2019-03-12,4.08
2019-03-13,4.13
2019-03-14,3.91
2019-03-15,3.98
2019-03-18,4.08
2019-03-19,4.04
2019-03-20,4.16
2019-03-21,4.14
2019-03-22,4.11
2019-03-25,4.04
2019-03-26,3.92
2019-03-27,3.93
2019-03-28,3.88
2019-03-29,3.99
2019-04-01,4.1
2019-04-02,4.1
2019-04-03,4.12
2019-04-04,4.13
2019-04-08,4.05
2019-04-09,4.33
2019-04-10,4.48
2019-04-11,4.66
2019-04-12,4.62
2019-04-15,5.08
2019-04-16,4.95
2019-04-17,4.76
2019-04-18,4.53
2019-04-19,4.48
2019-04-22,4.33
2019-04-23,4.31
2019-04-24,4.32
2019-04-25,4.0
2019-04-26,3.98
2019-04-29,3.89
2019-04-30,3.94
2019-05-06,3.55
2019-05-07,3.52
2019-05-08,3.5
2019-05-09,3.48
2019-05-10,3.62
2019-05-13,3.57
2019-05-14,3.56
2019-05-15,3.68
2019-05-16,3.69
2019-05-17,3.44
2019-05-20,3.47
2019-05-21,3.51
2019-05-22,3.43
2019-05-23,3.31
2019-05-24,3.35
2019-05-27,3.42
2019-05-28,3.41
2019-05-29,3.4
2019-05-30,3.37
2019-05-31,3.37
2019-06-03,3.31
2019-06-04,3.22
2019-06-05,3.28
2019-06-06,3.22
2019-06-10,3.22
2019-06-11,3.33
2019-06-12,3.38
2019-06-13,3.37
2019-06-14,3.31
2019-06-17,3.36
2019-06-18,3.33
2019-06-19,3.4
2019-06-20,3.53
2019-06-21,3.54
2019-06-24,3.49
2019-06-25,3.46
2019-06-26,3.43
2019-06-27,3.4
2019-06-28,3.74
2019-07-01,4.11
2019-07-02,3.85
2019-07-03,3.72
2019-07-04,4.09
2019-07-05,3.86
2019-07-08,3.8
2019-07-09,3.72
2019-07-10,3.64
2019-07-11,3.56
2019-07-12,3.48
2019-07-15,3.38
2019-07-16,3.37
2019-07-17,3.33
2019-07-18,3.28
2019-07-19,3.33
2019-07-22,3.23
2019-07-23,3.25
2019-07-24,3.29
2019-07-25,3.25
2019-07-26,3.26
2019-07-29,3.25
2019-07-30,3.29
2019-07-31,3.35
2019-08-01,3.31
2019-08-02,3.26
2019-08-05,3.2
2019-08-06,3.09
2019-08-07,3.06
2019-08-08,3.07
2019-08-09,3.01
2019-08-12,3.08
2019-08-13,3.1
2019-08-14,3.09
2019-08-15,3.08
2019-08-16,3.05
2019-08-19,3.14
2019-08-20,3.13
2019-08-21,3.14
2019-08-22,3.14
2019-08-23,3.29
2019-08-26,3.21
2019-08-27,3.24
2019-08-28,3.25
2019-08-29,3.2
2019-08-30,3.14
2019-09-02,3.2
2019-09-03,3.21
2019-09-04,3.29
2019-09-05,3.31
2019-09-06,3.27
2019-09-09,3.32
2019-09-10,3.36
2019-09-11,3.3
2019-09-12,3.33
2019-09-16,3.34
2019-09-17,3.24
2019-09-18,3.25
2019-09-19,3.29
2019-09-20,3.29
2019-09-23,3.22
2019-09-24,3.24
2019-09-25,3.15
2019-09-26,3.07
2019-09-27,3.1
2019-09-30,3.1
2019-10-08,3.09
2019-10-09,3.13
2019-10-10,3.13
2019-10-11,3.13
2019-10-14,3.18
2019-10-15,3.16
2019-10-16,3.14
2019-10-17,3.1
2019-10-18,3.07
2019-10-21,3.1
2019-10-22,3.12
2019-10-23,3.09
2019-10-24,3.1
2019-10-25,3.08
2019-10-28,3.11
2019-10-29,3.23
2019-10-30,3.12
2019-10-31,3.07
2019-11-01,3.14
2019-11-04,3.11
2019-11-05,3.12
2019-11-06,3.13
2019-11-07,3.13
2019-11-08,3.09
2019-11-11,3.02
2019-11-12,3.12
2019-11-13,3.05
2019-11-14,3.05
2019-11-15,3.02
2019-11-18,3.07
2019-11-19,3.09
2019-11-20,3.06
2019-11-21,3.07
2019-11-22,3.05
2019-11-25,3.09
2019-11-26,3.06
2019-11-27,3.05
2019-11-28,3.06
2019-11-29,3.05
2019-12-02,3.06
2019-12-03,3.09
2019-12-04,3.1
2019-12-05,3.11
2019-12-06,3.11
2019-12-09,3.12
2019-12-10,3.1
2019-12-11,3.12
2019-12-12,3.08
2019-12-13,3.11
2019-12-16,3.14
2019-12-17,3.18
2019-12-18,3.17
2019-12-19,3.18
2019-12-20,3.17
2019-12-23,3.1
2019-12-24,3.14
2019-12-25,3.12
2019-12-26,3.15
2019-12-27,3.14
2019-12-30,3.19
2019-12-31,3.21
2020-01-02,3.23
2020-01-03,3.31
2020-01-06,3.26
2020-01-07,3.27
2020-01-08,3.24
2020-01-09,3.27
2020-01-10,3.25
2020-01-13,3.27
2020-01-14,3.28
2020-01-15,3.25
2020-01-16,3.23
2020-01-17,3.22
2020-01-20,3.24
2020-01-21,3.2
2020-01-22,3.2
2020-01-23,3.1
2020-02-03,2.79
2020-02-04,2.75
2020-02-05,2.8
2020-02-06,2.79
2020-02-07,2.8
2020-02-10,2.84
2020-02-11,2.82
2020-02-12,2.83
2020-02-13,2.81
2020-02-14,2.83
2020-02-17,2.88
2020-02-18,2.88
2020-02-19,2.92
2020-02-20,2.96
2020-02-21,2.98
2020-02-24,2.98
2020-02-25,2.93
2020-02-26,2.98
2020-02-27,2.96
2020-02-28,2.81
2020-03-02,2.9
2020-03-03,2.91
2020-03-04,3.2
2020-03-05,3.26
2020-03-06,3.12
2020-03-09,2.98
2020-03-10,3.02
2020-03-11,3.01
2020-03-12,3.11
2020-03-13,2.99
2020-03-16,2.95
2020-03-17,2.9
2020-03-18,2.82
2020-03-19,2.84
2020-03-20,2.87
2020-03-23,2.78
2020-03-24,2.82
2020-03-25,2.89
2020-03-26,2.82
2020-03-27,2.83
2020-03-30,2.78
2020-03-31,2.77
2020-04-01,2.75
2020-04-02,2.78
2020-04-03,2.77
2020-04-07,2.82
2020-04-08,2.81
2020-04-09,2.81
2020-04-10,2.77
2020-04-13,2.79
2020-04-14,2.81
2020-04-15,2.77
2020-04-16,2.76
2020-04-17,2.78
2020-04-20,2.81
2020-04-21,2.76
2020-04-22,2.76
2020-04-23,2.74
2020-04-24,2.7
2020-04-27,2.67
2020-04-28,2.61
2020-04-29,2.61
2020-04-30,2.66
2020-05-06,2.7
2020-05-07,2.69
2020-05-08,2.7
2020-05-11,2.68
2020-05-12,2.65
2020-05-13,2.64
2020-05-14,2.63
2020-05-15,2.68
2020-05-18,2.76
2020-05-19,2.75
2020-05-20,2.75
2020-05-21,2.59
2020-05-22,2.51
2020-05-25,2.52
2020-05-26,2.56
2020-05-27,2.55
2020-05-28,2.54
2020-05-29,2.55
2020-06-01,2.59
2020-06-02,2.62
2020-06-03,2.61
2020-06-04,2.61
2020-06-05,2.6
2020-06-08,2.6
2020-06-09,2.6
2020-06-10,2.6
2020-06-11,2.59
2020-06-12,2.58
2020-06-15,2.58
2020-06-16,2.6
2020-06-17,2.59
2020-06-18,2.63
2020-06-19,2.61
2020-06-22,2.61
2020-06-23,2.58
2020-06-24,2.67
2020-06-29,2.59
2020-06-30,2.6
2020-07-01,2.66
2020-07-02,2.69
2020-07-03,2.71
2020-07-06,2.83
2020-07-07,2.78
2020-07-08,2.8
2020-07-09,2.87
2020-07-10,2.78
2020-07-13,2.85
2020-07-14,2.89
2020-07-15,2.84
2020-07-16,2.76
2020-07-17,2.75
2020-07-20,2.83
2020-07-21,2.83
2020-07-22,2.84
2020-07-23,2.79
2020-07-24,2.75
2020-07-27,2.72
2020-07-28,2.72
2020-07-29,2.75
2020-07-30,2.73
2020-07-31,2.74
2020-08-03,2.8
2020-08-04,2.82
2020-08-05,2.84
2020-08-06,2.82
2020-08-07,2.76
2020-08-10,2.82
2020-08-11,2.78
2020-08-12,2.83
2020-08-13,2.85
2020-08-14,2.87
2020-08-17,2.9
2020-08-18,2.91
2020-08-19,2.89
2020-08-20,2.88
2020-08-21,2.93
2020-08-24,2.94
2020-08-25,2.9
2020-08-26,2.86
2020-08-27,2.94
2020-08-28,3.23
2020-08-31,3.55
2020-09-01,3.36
2020-09-02,3.3
2020-09-03,3.13
2020-09-04,3.08
2020-09-07,3.02
2020-09-08,3.11
2020-09-09,3.18
2020-09-10,3.03
2020-09-11,3.12
2020-09-14,3.07
2020-09-15,3.01
2020-09-16,2.97
2020-09-17,3.27
2020-09-18,3.31
2020-09-21,3.2
2020-09-22,3.11
2020-09-23,3.17
2020-09-24,3.06
2020-09-25,3.02
2020-09-28,3.02
2020-09-29,2.98
2020-09-30,2.93
2020-10-09,2.99
2020-10-12,3.05
2020-10-13,3.02
2020-10-14,2.96
2020-10-15,3.04
2020-10-16,3.0
2020-10-19,3.02
2020-10-20,3.01
2020-10-21,2.99
2020-10-22,2.94
2020-10-23,2.92
2020-10-26,2.87
2020-10-27,2.9
2020-10-28,2.88
2020-10-29,2.87
2020-10-30,2.89
2020-11-02,2.82
2020-11-03,2.85
2020-11-04,2.81
2020-11-05,2.85
2020-11-06,2.83
2020-11-09,2.87
2020-11-10,2.92
2020-11-11,2.89
2020-11-12,2.87
2020-11-13,2.86
2020-11-16,2.91
2020-11-17,3.02
2020-11-18,2.98
2020-11-19,2.97
2020-11-20,2.96
2020-11-23,2.99
2020-11-24,2.97
2020-11-25,2.95
2020-11-26,2.9
2020-11-27,2.91
2020-11-30,2.95
2020-12-01,2.99
2020-12-02,3.03
2020-12-03,2.99
2020-12-04,3.0
2020-12-07,2.98
2020-12-08,2.94
2020-12-09,2.88
2020-12-10,2.89
2020-12-11,2.84
2020-12-14,2.86
2020-12-15,2.89
2020-12-16,2.82
2020-12-17,2.85
2020-12-18,2.79
2020-12-21,2.8
2020-12-22,2.76
2020-12-23,2.78
2020-12-24,2.68
2020-12-25,2.72
2020-12-28,2.67
2020-12-29,2.67
2020-12-30,2.68
2020-12-31,2.72
2021-01-04,2.71
2021-01-05,2.69
2021-01-06,2.69
2021-01-07,2.63
2021-01-08,2.62
2021-01-11,2.58
2021-01-12,2.59
2021-01-13,2.51
2021-01-14,2.55
2021-01-15,2.63
2021-01-18,2.66
2021-01-19,2.71
2021-01-20,2.65
2021-01-21,2.65
2021-01-22,2.59
2021-01-25,2.53
2021-01-26,2.53
2021-01-27,2.55
2021-01-28,2.52
2021-01-29,2.49
2021-02-01,2.48
2021-02-02,2.48
2021-02-03,2.41
2021-02-04,2.33
2021-02-05,2.33
2021-02-08,2.31
2021-02-09,2.34
2021-02-10,2.36
2021-02-18,2.41
2021-02-19,2.47
2021-02-22,2.51
2021-02-23,2.48
2021-02-24,2.51
2021-02-25,2.76
2021-02-26,2.65
2021-03-01,2.61
2021-03-02,2.58
2021-03-03,2.59
2021-03-04,2.57
2021-03-05,2.6
2021-03-08,2.59
2021-03-09,2.55
2021-03-10,2.53
2021-03-11,2.58
2021-03-12,2.63
2021-03-15,2.64
2021-03-16,2.67
2021-03-17,2.62
2021-03-18,2.58
2021-03-19,2.57
2021-03-22,2.61
2021-03-23,2.59
2021-03-24,2.58
2021-03-25,2.57
2021-03-26,2.61
2021-03-29,2.59
2021-03-30,2.52
2021-03-31,2.54
2021-04-01,2.54
2021-04-02,2.58
2021-04-06,2.62
2021-04-07,2.64
2021-04-08,2.59
2021-04-09,2.64
2021-04-12,2.61
2021-04-13,2.68
2021-04-14,2.68
2021-04-15,2.66
2021-04-16,2.75
2021-04-19,2.87
2021-04-20,2.82
2021-04-21,2.79
2021-04-22,2.8
2021-04-23,2.73
2021-04-26,2.83
2021-04-27,2.85
2021-04-28,2.81
2021-04-29,2.7
2021-04-30,2.76
2021-05-06,2.86
2021-05-07,2.93
2021-05-10,2.9
2021-05-11,2.89
2021-05-12,2.88
2021-05-13,2.87
2021-05-14,2.84
2021-05-17,2.82
2021-05-18,2.78
2021-05-19,3.06
2021-05-20,3.37
2021-05-21,3.19
2021-05-24,3.51
2021-05-25,3.42
2021-05-26,3.31
2021-05-27,3.3
2021-05-28,3.14
2021-05-31,3.09
2021-06-01,3.16
2021-06-02,3.08
2021-06-03,3.08
2021-06-04,3.08
2021-06-07,3.13
2021-06-08,3.05
2021-06-09,3.09
2021-06-10,3.04
2021-06-11,3.13
2021-06-15,3.0
2021-06-16,2.89
2021-06-17,2.89
2021-06-18,2.85
2021-06-21,2.82
2021-06-22,2.85
2021-06-23,2.85
2021-06-24,2.81
2021-06-25,2.84
2021-06-28,2.8
2021-06-29,2.77
2021-06-30,2.76
2021-07-01,2.81
2021-07-02,2.76
2021-07-05,2.74
2021-07-06,2.78
2021-07-07,2.73
2021-07-08,2.76
2021-07-09,3.04
2021-07-12,3.02
2021-07-13,2.93
2021-07-14,2.84
2021-07-15,2.84
2021-07-16,2.79
2021-07-19,2.8
2021-07-20,2.8
2021-07-21,2.76
2021-07-22,2.77
2021-07-23,2.76
2021-07-26,2.62
2021-07-27,2.6
2021-07-28,2.51
2021-07-29,2.58
2021-07-30,2.57
2021-08-02,2.6
2021-08-03,2.57
2021-08-04,2.58
2021-08-05,2.58
2021-08-06,2.56
2021-08-09,2.6
2021-08-10,2.61
2021-08-11,2.7
2021-08-12,2.67
2021-08-13,2.65
2021-08-16,2.69
2021-08-17,2.63
2021-08-18,2.64
2021-08-19,2.63
2021-08-20,2.59
2021-08-23,2.85
2021-08-24,2.89
2021-08-25,3.1
2021-08-26,3.18
2021-08-27,3.18
2021-08-30,3.26
2021-08-31,3.38
2021-09-01,3.33
2021-09-02,3.31
2021-09-03,3.24
2021-09-06,3.26
2021-09-07,3.2
2021-09-08,3.21
2021-09-09,3.18
2021-09-10,3.11
2021-09-13,3.22
2021-09-14,3.1
2021-09-15,3.15
2021-09-16,3.04
2021-09-17,3.03
2021-09-22,2.99
2021-09-23,3.07
2021-09-24,3.02
2021-09-27,2.91
2021-09-28,2.95
2021-09-29,2.88
2021-09-30,2.91
2021-10-08,3.01
2021-10-11,2.97
2021-10-12,2.93
2021-10-13,2.87
2021-10-14,2.86
2021-10-15,2.8
2021-10-18,2.77
2021-10-19,2.77
2021-10-20,2.72
2021-10-21,2.73
2021-10-22,2.71
2021-10-25,2.68
2021-10-26,2.62
2021-10-27,2.55
2021-10-28,2.56
2021-10-29,2.6
2021-11-01,2.61
2021-11-02,2.57
2021-11-03,2.58
2021-11-04,2.56
2021-11-05,2.61
2021-11-08,2.66
2021-11-09,2.68
2021-11-10,2.68
2021-11-11,2.73
2021-11-12,2.74
2021-11-15,2.8
2021-11-16,3.08
2021-11-17,3.01
2021-11-18,2.94
2021-11-19,2.93
2021-11-22,3.1
2021-11-23,3.27
2021-11-24,3.6
2021-11-25,3.96
2021-11-26,4.36
2021-11-29,4.08
2021-11-30,4.49
2021-12-01,4.71
2021-12-02,4.25
2021-12-03,4.36
2021-12-06,4.18
2021-12-07,4.08
2021-12-08,4.49
2021-12-09,4.68
2021-12-10,5.15
2021-12-13,5.67
2021-12-14,6.24
2021-12-15,6.86
2021-12-16,7.1
2021-12-17,7.81
2021-12-20,8.59
2021-12-21,9.45
2021-12-22,8.61
2021-12-23,8.04
2021-12-24,7.68
2021-12-27,8.45
2021-12-28,7.82
2021-12-29,7.96
2021-12-30,7.94
2021-12-31,7.18
2022-01-04,7.13
2022-01-05,6.96
2022-01-06,7.18
2022-01-07,7.15
2022-01-10,7.19
2022-01-11,7.0
2022-01-12,7.34
2022-01-13,7.22
2022-01-14,7.0
2022-01-17,6.89
2022-01-18,6.65
2022-01-19,6.79
2022-01-20,6.43
2022-01-21,7.07
2022-01-24,7.78
2022-01-25,8.15
2022-01-26,7.34
2022-01-27,6.84
2022-01-28,6.98
2022-02-07,7.16
2022-02-08,7.35
2022-02-09,7.32
2022-02-10,7.12
2022-02-11,7.0
2022-02-14,7.03
2022-02-15,7.0
2022-02-16,7.36
2022-02-17,6.96
2022-02-18,7.15
2022-02-21,7.08
2022-02-22,7.02
2022-02-23,7.21
2022-02-24,6.95
2022-02-25,7.0
2022-02-28,7.4
2022-03-01,8.14
2022-03-02,8.95
2022-03-03,8.96
2022-03-04,8.55
2022-03-07,8.13
2022-03-08,8.13
2022-03-09,8.53
2022-03-10,9.18
2022-03-11,9.58
2022-03-14,9.16
2022-03-15,8.8
2022-03-16,9.05
2022-03-17,9.96
2022-03-18,9.85
2022-03-21,10.84
2022-03-22,10.23
2022-03-23,10.12
2022-03-24,10.0
2022-03-25,9.54
2022-03-28,9.75
2022-03-29,9.07
2022-03-30,9.03
2022-03-31,9.14
2022-04-01,9.27
2022-04-06,9.65
2022-04-07,9.15
2022-04-08,8.93
2022-04-11,8.04
2022-04-12,8.25
2022-04-13,8.28
2022-04-14,8.12
2022-04-15,7.78
2022-04-18,7.62
2022-04-19,7.55
2022-04-20,7.22
2022-04-21,6.86
2022-04-22,6.84
2022-04-25,6.33
2022-04-26,6.04
2022-04-27,6.24
2022-04-28,6.12
2022-04-29,6.49
2022-05-05,6.48
2022-05-06,6.35
2022-05-09,6.3
2022-05-10,6.35
2022-05-11,6.99
2022-05-12,7.69
2022-05-13,8.46
2022-05-16,8.08
2022-05-17,7.59
2022-05-18,8.35
2022-05-19,8.34
2022-05-20,8.45
2022-05-23,8.23
2022-05-24,8.3
2022-05-25,8.29
2022-05-26,8.06
2022-05-27,7.94
2022-05-30,7.76
2022-05-31,7.18
2022-06-01,7.12
2022-06-02,6.94
2022-06-06,7.63
2022-06-07,7.25
2022-06-08,7.15
2022-06-09,7.06
2022-06-10,7.12
2022-06-13,6.89
2022-06-14,6.7
2022-06-15,6.62
2022-06-16,6.54
2022-06-17,6.68
2022-06-20,6.71
2022-06-21,6.53
2022-06-22,6.4
2022-06-23,6.47
2022-06-24,6.87
2022-06-27,7.56
2022-06-28,7.71
2022-06-29,7.22
2022-06-30,7.21
2022-07-01,7.12
2022-07-04,7.2
2022-07-05,6.93
2022-07-06,6.73
2022-07-07,7.02
2022-07-08,6.88
2022-07-11,6.72
2022-07-12,6.66
2022-07-13,6.8
2022-07-14,6.64
2022-07-15,6.33
2022-07-18,6.35
2022-07-19,6.46
2022-07-20,6.39
2022-07-21,7.03
2022-07-22,6.72
2022-07-25,6.57
2022-07-26,6.85
2022-07-27,6.65
2022-07-28,6.67
2022-07-29,6.54
2022-08-01,6.21
2022-08-02,5.93
2022-08-03,5.95
2022-08-04,5.95
2022-08-05,5.97
2022-08-08,6.19
2022-08-09,6.06
2022-08-10,5.91
2022-08-11,5.96
2022-08-12,5.88
2022-08-15,5.7
2022-08-16,5.92
2022-08-17,5.93
2022-08-18,6.01
2022-08-19,6.0
2022-08-22,6.06
2022-08-23,6.04
2022-08-24,6.01
2022-08-25,5.85
2022-08-26,5.73
2022-08-29,5.81
2022-08-30,5.88
2022-08-31,5.71
2022-09-01,5.75
2022-09-02,5.69
2022-09-05,5.76
2022-09-06,5.84
2022-09-07,5.94
2022-09-08,5.79
2022-09-09,5.91
2022-09-13,5.88
2022-09-14,5.77
2022-09-15,5.72
2022-09-16,5.36
2022-09-19,5.3
2022-09-20,5.43
2022-09-21,5.36
2022-09-22,5.25
2022-09-23,5.2
2022-09-26,5.08
2022-09-27,5.02
2022-09-28,4.78
2022-09-29,4.75
2022-09-30,4.72
2022-10-10,4.69
2022-10-11,4.65
2022-10-12,4.75
2022-10-13,4.78
2022-10-14,4.86
2022-10-17,4.93
2022-10-18,5.21
2022-10-19,5.02
2022-10-20,4.9
2022-10-21,4.83
2022-10-24,4.78
2022-10-25,4.86
2022-10-26,4.83
2022-10-27,4.98
2022-10-28,4.87
2022-10-31,4.63
2022-11-01,4.77
2022-11-02,4.86
2022-11-03,5.03
2022-11-04,4.92
2022-11-07,4.94
2022-11-08,4.87
2022-11-09,4.98
2022-11-10,4.92
2022-11-11,5.12
2022-11-14,5.33
2022-11-15,5.86
2022-11-16,5.56
2022-11-17,5.55
2022-11-18,5.38
2022-11-21,5.3
2022-11-22,5.22
2022-11-23,5.08
2022-11-24,5.18
2022-11-25,5.32
2022-11-28,5.32
2022-11-29,5.56
2022-11-30,5.51
2022-12-01,5.72
2022-12-02,6.29
2022-12-05,6.1
2022-12-06,5.95
2022-12-07,5.77
2022-12-08,6.35
2022-12-09,6.23
2022-12-12,6.1
2022-12-13,6.1
2022-12-14,5.91
2022-12-15,5.88
2022-12-16,5.6
2022-12-19,5.73
2022-12-20,5.56
2022-12-21,5.56
2022-12-22,5.63
2022-12-23,5.63
2022-12-26,5.71
2022-12-27,5.63
2022-12-28,5.55
2022-12-29,5.45
2022-12-30,5.37
2023-01-03,5.38
2023-01-04,5.46
2023-01-05,5.35
2023-01-06,5.17
2023-01-09,5.38
2023-01-10,5.3
2023-01-11,5.38
2023-01-12,5.38
2023-01-13,5.4
2023-01-16,5.48
2023-01-17,5.75
2023-01-18,5.62
2023-01-19,5.57
2023-01-20,5.58
2023-01-30,5.67
2023-01-31,5.74
2023-02-01,5.68
2023-02-02,5.72
2023-02-03,5.63
2023-02-06,5.56
2023-02-07,5.62
2023-02-08,5.55
2023-02-09,5.58
2023-02-10,5.49
2023-02-13,5.46
2023-02-14,5.44
2023-02-15,5.37
2023-02-16,5.29
2023-02-17,5.31
2023-02-20,5.44
2023-02-21,5.43
2023-02-22,5.36
2023-02-23,5.4
2023-02-24,5.33
2023-02-27,5.33
2023-02-28,5.43
2023-03-01,5.47
2023-03-02,5.4
2023-03-03,5.42
2023-03-06,5.38
2023-03-07,5.38
2023-03-08,5.54
2023-03-09,5.86
2023-03-10,5.75
2023-03-13,6.03
2023-03-14,5.92
2023-03-15,5.95
2023-03-16,5.72
2023-03-17,5.96
2023-03-20,6.38
2023-03-21,6.5
2023-03-22,6.5
2023-03-23,7.06
2023-03-24,7.25
2023-03-27,6.53
2023-03-28,6.41
2023-03-29,6.23
2023-03-30,6.1
2023-03-31,6.25
2023-04-03,6.26
2023-04-04,6.11
2023-04-06,5.98
2023-04-07,6.18
2023-04-10,5.81
2023-04-11,5.84
2023-04-12,5.58
2023-04-13,5.54
2023-04-14,5.33
2023-04-17,5.08
2023-04-18,5.01
2023-04-19,5.05
2023-04-20,4.99
2023-04-21,4.84
2023-04-24,4.81
2023-04-25,4.84
2023-04-26,4.84
2023-04-27,4.9
2023-04-28,4.82
2023-05-04,4.83
2023-05-05,5.19
2023-05-08,4.78
2023-05-09,4.73
2023-05-10,4.76
2023-05-11,4.69
2023-05-12,4.63
2023-05-15,4.63
2023-05-16,4.59
2023-05-17,4.3
2023-05-18,4.18
2023-05-19,4.0
2023-05-22,3.91
2023-05-23,3.72
2023-05-24,3.6
2023-05-25,3.49
2023-05-26,3.54
2023-05-29,3.46
2023-05-30,3.53
2023-05-31,3.49
2023-06-01,3.5
2023-06-02,3.67
2023-06-05,3.78
2023-06-06,3.72
2023-06-07,3.75
2023-06-08,3.92
2023-06-09,3.83
2023-06-12,3.84
2023-06-13,3.81
2023-06-14,3.78
2023-06-15,3.79
2023-06-16,3.81
2023-06-19,3.69
2023-06-20,3.57
2023-06-21,3.58
2023-06-26,3.49
2023-06-27,3.67
2023-06-28,3.62
2023-06-29,3.56
2023-06-30,3.92
2023-07-03,3.82
2023-07-04,3.97
2023-07-05,4.0
2023-07-06,4.36
2023-07-07,4.3
2023-07-10,4.14
2023-07-11,4.06
2023-07-12,3.88
2023-07-13,3.76
2023-07-14,3.67
2023-07-17,3.68
2023-07-18,3.7
2023-07-19,3.84
2023-07-20,3.79
2023-07-21,4.0
2023-07-24,3.89
2023-07-25,4.13
2023-07-26,4.21
2023-07-27,4.08
2023-07-28,4.12
2023-07-31,4.24
2023-08-01,4.2
2023-08-02,4.36
2023-08-03,4.8
2023-08-04,4.86
2023-08-07,4.49
2023-08-08,4.65
2023-08-09,4.36
2023-08-10,4.22
2023-08-11,4.21
2023-08-14,4.02
2023-08-15,3.95
2023-08-16,4.13
2023-08-17,4.04
2023-08-18,4.13
2023-08-21,4.05
2023-08-22,4.0
2023-08-23,3.82
2023-08-24,3.8
2023-08-25,3.78
2023-08-28,3.95
2023-08-29,4.16
2023-08-30,4.07
2023-08-31,3.89
2023-09-01,3.83
2023-09-04,3.9
2023-09-05,3.8
2023-09-06,3.78
2023-09-07,3.71
2023-09-08,3.54
2023-09-11,3.5
2023-09-12,3.5
2023-09-13,3.51
2023-09-14,3.46
2023-09-15,3.54
2023-09-18,3.48
2023-09-19,3.45
2023-09-20,3.42
2023-09-21,3.44
2023-09-22,3.61
2023-09-25,3.49
2023-09-26,3.47
2023-09-27,3.46
2023-09-28,3.47
2023-10-09,3.38
2023-10-10,3.29
2023-10-11,3.29
2023-10-12,3.32
2023-10-13,3.24
2023-10-16,3.19
2023-10-17,3.17
2023-10-18,3.08
2023-10-19,3.09
2023-10-20,3.16
2023-10-23,3.12
2023-10-24,3.23
2023-10-25,3.27
2023-10-26,3.19
2023-10-27,3.2
2023-10-30,3.25
2023-10-31,3.58
2023-11-01,3.7
2023-11-02,3.59
2023-11-03,3.48
2023-11-06,3.55
2023-11-07,3.56
2023-11-08,3.55
2023-11-09,3.51
2023-11-10,3.47
2023-11-13,3.55
2023-11-14,3.6
2023-11-15,3.59
2023-11-16,3.58
2023-11-17,3.55
2023-11-20,3.56
2023-11-21,3.66
2023-11-22,3.66
2023-11-23,3.71
2023-11-24,3.76
2023-11-27,3.62
2023-11-28,3.56
2023-11-29,3.47
2023-11-30,3.5
2023-12-01,3.85
2023-12-04,3.85
2023-12-05,3.76
2023-12-06,3.81
2023-12-07,3.81
2023-12-08,3.66
2023-12-11,3.62
2023-12-12,3.78
2023-12-13,3.62
2023-12-14,3.98
2023-12-15,3.92
2023-12-18,3.84
2023-12-19,3.8
2023-12-20,3.7
2023-12-21,3.74
2023-12-22,3.63
2023-12-25,3.45
2023-12-26,3.49
2023-12-27,3.54
2023-12-28,3.6
2023-12-29,3.67
2024-01-02,3.74
2024-01-03,3.76
2024-01-04,3.68
2024-01-05,3.62
2024-01-08,3.58
2024-01-09,3.64
2024-01-10,3.65
2024-01-11,3.73
2024-01-12,3.77
2024-01-15,3.82
2024-01-16,3.74
2024-01-17,3.59
2024-01-18,3.57
2024-01-19,3.5
2024-01-22,3.3
2024-01-23,3.35
2024-01-24,3.47
2024-01-25,3.69
2024-01-26,3.75
2024-01-29,3.62
2024-01-30,3.43
2024-01-31,3.1
2024-02-01,3.18
2024-02-02,3.0
2024-02-05,2.7
2024-02-06,2.53
2024-02-07,2.28
2024-02-08,2.44
2024-02-19,2.58
2024-02-20,2.63
2024-02-21,2.89
2024-02-22,2.87
2024-02-23,3.0
2024-02-26,3.05
2024-02-27,3.14
2024-02-28,2.89
2024-02-29,3.04
2024-03-01,3.04
2024-03-04,3.0
2024-03-05,2.92
2024-03-06,2.99
2024-03-07,2.88
2024-03-08,2.79
2024-03-11,2.8
2024-03-12,2.92
2024-03-13,2.89
2024-03-14,3.18
2024-03-15,3.5
2024-03-18,3.46
2024-03-19,3.33
2024-03-20,3.66
2024-03-21,3.68
2024-03-22,3.61
2024-03-25,3.61
2024-03-26,3.69
2024-03-27,3.51
2024-03-28,3.48
2024-03-29,3.5
2024-04-01,3.51
2024-04-02,3.5
2024-04-03,3.51
2024-04-08,3.36
2024-04-09,3.4
2024-04-10,3.3
2024-04-11,3.26
2024-04-12,3.27
2024-04-15,3.0
2024-04-16,2.71
2024-04-17,2.95
2024-04-18,2.8
2024-04-19,2.68
2024-04-22,2.7
2024-04-23,2.67
2024-04-24,2.71
2024-04-25,2.83
2024-04-26,2.86
2024-04-29,3.04
2024-04-30,2.93
2024-05-06,2.94
2024-05-07,2.95
2024-05-08,2.84
2024-05-09,2.87
2024-05-10,2.94
2024-05-13,2.86
2024-05-14,2.88
2024-05-15,2.95
2024-05-16,3.12
2024-05-17,3.29
2024-05-20,3.13
2024-05-21,3.27
2024-05-22,3.25
2024-05-23,3.24
2024-05-24,3.05
2024-05-27,2.95
2024-05-28,2.87
2024-05-29,2.83
2024-05-30,2.76
2024-05-31,2.78
2024-06-03,2.7
2024-06-04,2.69
2024-06-05,2.59
2024-06-06,2.43
2024-06-07,2.57
2024-06-11,2.53
2024-06-12,2.61
2024-06-13,2.52
2024-06-14,2.57
2024-06-17,2.51
2024-06-18,2.5
2024-06-19,2.45
2024-06-20,2.38
2024-06-21,2.33
2024-06-24,2.17
2024-06-25,2.25
2024-06-26,2.26
2024-06-27,2.23
2024-06-28,2.23
2024-07-01,2.29
2024-07-02,2.34
2024-07-03,2.42
2024-07-04,2.26
2024-07-05,2.27
2024-07-08,2.2
2024-07-09,2.2
2024-07-10,2.16
2024-07-11,2.22
2024-07-12,2.24
2024-07-15,2.19
2024-07-16,2.2
2024-07-17,2.18
2024-07-18,2.16
2024-07-19,2.16
2024-07-22,2.18
2024-07-23,2.16
2024-07-24,2.11
2024-07-25,2.13
2024-07-26,2.16
2024-07-29,2.18
2024-07-30,2.23
2024-07-31,2.28
2024-08-01,2.28
2024-08-02,2.26
2024-08-05,2.19
2024-08-06,2.25
2024-08-07,2.22
2024-08-08,2.25
2024-08-09,2.26
2024-08-12,2.16
2024-08-13,2.16
2024-08-14,2.18
2024-08-15,2.24
2024-08-16,2.17
2024-08-19,2.15
2024-08-20,2.1
2024-08-21,2.11
2024-08-22,2.06
2024-08-23,2.03
2024-08-26,2.1
2024-08-27,2.04
2024-08-28,2.07
2024-08-29,2.09
2024-08-30,2.2
2024-09-02,2.16
2024-09-03,2.15
2024-09-04,2.14
2024-09-05,2.26
2024-09-06,2.16
2024-09-09,2.16
2024-09-10,2.16
2024-09-11,2.14
2024-09-12,2.16
2024-09-13,2.17
2024-09-18,2.19
2024-09-19,2.25
2024-09-20,2.27
2024-09-23,2.27
2024-09-24,2.34
2024-09-25,2.37
2024-09-26,2.54
2024-09-27,2.66
2024-09-30,2.89
2024-10-08,2.99
2024-10-09,2.69
2024-10-10,2.56
2024-10-11,2.5
2024-10-14,2.68
2024-10-15,2.59
2024-10-16,2.85
2024-10-17,2.83
2024-10-18,2.77
2024-10-21,2.69
2024-10-22,2.72
2024-10-23,2.77
2024-10-24,2.8
2024-10-25,2.82
2024-10-28,2.97
2024-10-29,2.84
2024-10-30,2.85
2024-10-31,2.95
2024-11-01,2.84
2024-11-04,2.83
2024-11-05,2.92
2024-11-06,2.98
2024-11-07,3.28
2024-11-08,3.28
2024-11-11,3.24
2024-11-12,3.15
2024-11-13,3.09
2024-11-14,3.0
2024-11-15,2.9
2024-11-18,2.91
2024-11-19,2.84
2024-11-20,2.87
2024-11-21,2.88
2024-11-22,2.77
2024-11-25,2.82
2024-11-26,3.06
2024-11-27,3.1
2024-11-28,3.15
2024-11-29,3.09
2024-12-02,3.22
2024-12-03,3.33
2024-12-04,3.37
2024-12-05,3.37
2024-12-06,3.29
2024-12-09,3.18
2024-12-10,3.5
2024-12-11,3.54
2024-12-12,3.46
2024-12-13,3.38
2024-12-16,3.37
2024-12-17,3.15
2024-12-18,3.13
2024-12-19,3.08
2024-12-20,3.11
2024-12-23,2.85
2024-12-24,2.83
2024-12-25,2.77
2024-12-26,2.8
2024-12-27,2.83
2024-12-30,2.74
2024-12-31,2.77
2025-01-02,2.77
2025-01-03,2.59
2025-01-06,2.54
2025-01-07,2.57
2025-01-08,2.63
2025-01-09,2.59
2025-01-10,2.5
2025-01-13,2.49
2025-01-14,2.58
2025-01-15,2.56
2025-01-16,2.57
2025-01-17,2.54
2025-01-20,2.58
2025-01-21,2.56
2025-01-22,2.47
2025-01-23,2.51
2025-01-24,2.48
2025-01-27,2.49
2025-02-05,2.5
2025-02-06,2.42
2025-02-07,2.47
2025-02-10,2.56
2025-02-11,2.47
2025-02-12,2.55
2025-02-13,2.81
2025-02-14,2.67
2025-02-17,2.8
2025-02-18,2.7
2025-02-19,2.68
2025-02-20,2.63
2025-02-21,2.63
2025-02-24,2.78
2025-02-25,2.85
2025-02-26,2.82
2025-02-27,2.77
2025-02-28,2.69
2025-03-03,2.74
2025-03-04,2.73
2025-03-05,2.7
2025-03-06,2.74
2025-03-07,2.65
2025-03-10,2.64
2025-03-11,2.65
2025-03-12,2.62
2025-03-13,2.59
2025-03-14,2.63
2025-03-17,2.67
2025-03-18,2.71
2025-03-19,2.67
2025-03-20,2.65
2025-03-21,2.62
2025-03-24,2.48
2025-03-25,2.45
2025-03-26,2.5
2025-03-27,2.45
2025-03-28,2.45
2025-03-31,2.38
2025-04-01,2.42
2025-04-02,2.38
2025-04-03,2.41
2025-04-07,2.17
2025-04-08,2.12
2025-04-09,2.21
2025-04-10,2.27
2025-04-11,2.26
2025-04-14,2.32
2025-04-15,2.29
2025-04-16,2.25
2025-04-17,2.27
2025-04-18,2.35
2025-04-21,2.36
2025-04-22,2.38
2025-04-23,2.33
2025-04-24,2.31
2025-04-25,2.3
2025-04-28,2.23
2025-04-29,2.24
2025-04-30,2.32
2025-05-06,2.38
2025-05-07,2.42
2025-05-08,2.45
2025-05-09,2.41
2025-05-12,2.43
2025-05-13,2.45
2025-05-14,2.47
2025-05-15,2.44
2025-05-16,2.41
2025-05-19,2.49
2025-05-20,2.48
2025-05-21,2.48
2025-05-22,2.41
2025-05-23,2.35
2025-05-26,2.59
2025-05-27,2.59
2025-05-28,2.55
2025-05-29,2.61
2025-05-30,2.57
2025-06-03,2.54
2025-06-04,2.79
2025-06-05,2.69
2025-06-06,2.66
2025-06-09,2.73
2025-06-10,2.71
2025-06-11,2.72
2025-06-12,2.69
2025-06-13,2.61
2025-06-16,2.64
2025-06-17,2.63
2025-06-18,2.57
2025-06-19,2.49
2025-06-20,2.46
2025-06-23,2.58
2025-06-24,2.63
2025-06-25,2.62
2025-06-26,2.6
2025-06-27,2.59
2025-06-30,2.6
2025-07-01,2.58
2025-07-02,2.62
2025-07-03,2.88
2025-07-04,2.74
2025-07-07,3.01
2025-07-08,2.96
2025-07-09,3.04
2025-07-10,3.17
2025-07-11,3.07
2025-07-14,2.99
2025-07-15,2.89
2025-07-16,2.88
2025-07-17,2.88
2025-07-18,2.89
2025-07-21,2.91
2025-07-22,2.95
2025-07-23,2.89
2025-07-24,2.93
2025-07-25,2.9
2025-07-28,2.92
2025-07-29,2.92
2025-07-30,2.9
2025-07-31,2.81
2025-08-01,2.9
2025-08-04,2.88
2025-08-05,2.92
2025-08-06,2.99
2025-08-07,2.99
2025-08-08,2.98
2025-08-11,2.99
2025-08-12,2.97
2025-08-13,2.95
2025-08-14,2.86
2025-08-15,2.86
2025-08-18,2.84
2025-08-19,2.87
2025-08-20,2.86
2025-08-21,2.86
2025-08-22,2.83
2025-08-25,2.84
2025-08-26,2.85
2025-08-27,2.74
2025-08-28,2.7
2025-08-29,2.69
2025-09-01,2.73
2025-09-02,2.75
2025-09-03,2.67
2025-09-04,2.68
2025-09-05,2.69
2025-09-08,2.72
2025-09-09,2.75
2025-09-10,2.78
2025-09-11,2.79
2025-09-12,2.89
2025-09-15,2.93
2025-09-16,2.97
2025-09-17,2.96
2025-09-18,2.9
2025-09-19,2.81
2025-09-22,2.76
2025-09-23,2.6
2025-09-24,2.64
2025-09-25,2.57
2025-09-26,2.54
2025-09-29,2.58
2025-09-30,2.62
2025-10-09,2.55
2025-10-10,2.62
2025-10-13,2.7
2025-10-14,2.84
2025-10-15,2.92
2025-10-16,2.92
2025-10-17,2.75
2025-10-20,2.72
2025-10-21,2.99
2025-10-22,3.01
2025-10-23,2.99
2025-10-24,2.95
2025-10-27,2.89
2025-10-28,2.92
2025-10-29,2.86
2025-10-30,2.79
2025-10-31,2.8
2025-11-03,3.08
2025-11-04,3.12
2025-11-05,3.2
2025-11-06,3.52
2025-11-07,3.32
2025-11-10,3.35
2025-11-11,3.3
2025-11-12,3.27
2025-11-13,3.29
2025-11-14,3.33
2025-11-17,3.37
2025-11-18,3.21
2025-11-19,3.09
2025-11-20,3.4
2025-11-21,3.74
2025-11-24,3.8
2025-11-25,3.61
2025-11-26,3.43
2025-11-27,3.44
2025-11-28,3.59
2025-12-01,3.57
2025-12-02,3.54
2025-12-03,3.89
2025-12-04,3.92
2025-12-05,3.79
2025-12-08,3.82
2025-12-09,3.62
2025-12-10,3.98
2025-12-11,3.83
2025-12-12,3.8
2025-12-15,3.9
2025-12-16,3.74
2025-12-17,3.37
2025-12-18,3.17
2025-12-19,3.3
2025-12-22,3.26
2025-12-23,3.09
2025-12-24,3.13
2025-12-25,3.16
2025-12-26,3.11
2025-12-29,3.11
2025-12-30,3.06
2025-12-31,3.09
2026-01-05,3.15
2026-01-06,3.19
2026-01-07,3.14
2026-01-08,3.24
2026-01-09,3.17
2026-01-12,3.02
2026-01-13,2.96
2026-01-14,2.89
2026-01-15,2.84
2026-01-16,2.82
2026-01-19,2.85
2026-01-20,2.86
2026-01-21,2.86
2026-01-22,2.9
2026-01-23,2.95
2026-01-26,2.88
2026-01-27,2.82
2026-01-28,2.83
2026-01-29,2.89
2026-01-30,2.83
2026-02-02,2.55
2026-02-03,2.42
2026-02-04,2.66
2026-02-05,2.66
2026-02-06,2.73
2026-02-09,2.73
2026-02-10,2.69
2026-02-11,2.66
2026-02-12,2.56
2026-02-13,2.57
2026-02-24,2.65
2026-02-25,2.77
2026-02-26,2.63
2026-02-27,2.63
2026-03-02,2.52
2026-03-03,2.45
2026-03-04,2.48
2026-03-05,2.48
2026-03-06,2.57
2026-03-09,2.54
2026-03-10,2.57
2026-03-11,2.46
2026-03-12,2.38
2026-03-13,2.35
2026-03-16,2.36
2026-03-17,2.38
2026-03-18,2.31
2026-03-19,2.22
2026-03-20,2.19
2026-03-23,2.1
2026-03-24,2.19
2026-03-25,2.24
2026-03-26,2.16
2026-03-27,2.21
