date,official_holding,price_holding,official_weight,price_weight
2015-02-10,1.H00852,1.000852,1.333465966479826,1.0
2015-02-11,1.H00852,1.000852,1.3321428221124154,1.0
2015-02-12,1.H00852,1.000852,1.3290626713625728,1.0
2015-02-13,1.H00852,1.000852,1.3291280201403284,1.0
2015-02-16,0.399606,0.399006,1.3253456858051267,1.0
2015-02-17,0.399606,0.399006,1.3161283716000618,1.0
2015-02-25,0.399606,0.399006,1.3157711406078751,1.0
2015-02-26,0.399606,0.399006,1.3080356251959242,1.0
2015-02-27,0.399606,0.399006,1.3085333143958058,1.0
2015-03-02,0.399606,0.399006,1.2941446095524891,1.0
2015-03-03,0.399606,0.399006,1.2737190556143085,1.0
2015-03-04,0.399606,0.399006,1.2629679835992167,1.0
2015-03-05,0.399606,0.399006,1.252158948150778,1.0
2015-03-06,1.H00852,1.000852,1.25180138915589,1.0
2015-03-09,1.H00852,1.000852,1.2071717451034776,1.0
2015-03-10,1.H00852,1.000852,1.205381049424373,1.0
2015-03-11,1.H00852,1.000852,1.2081209322368667,1.0
2015-03-12,1.H00852,1.000852,1.2222021187722154,1.0
2015-03-13,1.H00852,1.000852,1.222906871810995,1.0
2015-03-16,1.H00852,1.000852,1.219671489544083,1.0
2015-03-17,1.H00852,1.000852,1.2000368219729092,1.0
2015-03-18,1.H00852,1.000852,1.200112938778974,1.0
2015-03-19,1.H00852,1.000852,1.2056466578457259,1.0
2015-03-20,1.H00852,1.000852,1.223232606178138,1.0
2015-03-23,1.H00852,1.000852,1.227009821409291,1.0
2015-03-24,1.H00852,1.000852,1.2134803714902733,1.0
2015-03-25,1.H00852,1.000852,1.2200551094941383,1.0
2015-04-01,1.H20955,1.000016,1.2370054750723902,1.0
2015-04-02,1.H00905,1.000905,1.2361114406855451,1.0
2015-04-03,1.H00905,1.000905,1.3098161595940443,1.0
2015-04-07,1.H20955,1.000905,1.3062642574346175,1.0
2015-04-08,1.H20955,cash,1.4216566700973334,0.0
2015-04-09,1.H20955,cash,1.425898315281823,0.0
2015-04-10,1.H20955,1.000016,1.3971293585151856,1.0
2015-04-13,1.H20955,1.000016,1.3866782463884884,1.0
2015-04-14,1.H00016,1.000016,1.3547814506855749,1.0
2015-04-15,1.H00016,1.000016,1.3550561951056759,1.0
2015-04-16,1.H00016,1.000016,1.3551373279663153,1.0
2015-04-17,1.H00016,1.000016,1.3024768670838314,1.0
2015-04-20,1.H00016,1.000016,1.3001032289797503,1.0
2015-04-21,1.H00016,1.000016,1.272508819626823,1.0
2015-04-22,1.H00016,1.000016,1.270605357744531,1.0
2015-04-23,1.H00016,1.000016,1.2582542331823974,1.0
2015-04-24,1.H00016,1.000016,1.2526253405799306,1.0
2015-04-27,1.H00016,1.000016,1.238546098343529,1.0
2015-04-28,1.H00016,1.000016,1.2273979555512085,1.0
2015-04-29,1.H00016,1.000016,1.2220784264071878,1.0
2015-04-30,1.H00016,1.000016,1.231162581558603,1.0
2015-05-04,1.H00016,1.H30269,1.2232177100502828,1.0
2015-05-05,1.H00016,1.H30269,1.2276770929184415,1.0
2015-05-06,0.399606,0.399006,1.1755085000197052,1.0
2015-05-07,0.399606,cash,1.213166409128449,0.0
2015-05-08,0.399606,0.399006,1.2029429305562434,1.0
2015-05-22,1.H00852,1.000852,1.0625267038512507,1.0
2015-06-05,1.H20955,1.000905,1.127270820760959,1.0
2015-06-08,1.H20955,cash,1.1273619153608503,0.0
2015-06-09,1.H20955,cash,1.12800018058709,0.0
2015-06-10,1.H20955,1.H30269,1.1408033565767417,1.0
2015-06-11,1.H20955,1.000905,1.1458450508055313,1.2084396899964958
2015-06-12,1.H20955,cash,1.1456321510298737,0.0
2015-06-17,1.H20955,cash,1.1431059720968424,0.0
2015-08-03,1.H00905,1.000905,1.328626900343633,1.5
2015-08-04,1.H00905,1.000905,1.3494867200819847,1.5
2015-09-28,0.399606,0.399006,1.5,1.5
2015-09-30,0.399606,0.399006,1.5,1.5
2015-10-08,0.399606,0.399006,1.5,1.5
2015-10-09,0.399606,0.399006,1.5,1.5
2015-10-12,0.399606,0.399006,1.5,1.5
2015-10-13,0.399606,0.399006,1.5,1.5
2015-10-14,0.399606,0.399006,1.5,1.5
2015-10-15,0.399606,0.399006,1.5,1.5
2015-10-16,0.399606,0.399006,1.5,1.5
2015-10-19,0.399606,0.399006,1.5,1.5
2015-10-20,0.399606,0.399006,1.5,1.5
2015-10-21,0.399606,0.399006,1.5,1.5
2015-10-22,0.399606,0.399006,1.3629427383334844,1.3630308681275691
2015-10-23,0.399606,0.399006,1.2794491819978102,1.2795209881419094
2015-10-26,0.399606,0.399006,1.2489081100788855,1.248973897444616
2015-10-27,0.399606,0.399006,1.2474053433237495,1.2474708389289386
2015-10-28,0.399606,0.399006,1.2434156989141985,1.243480217453358
2015-10-29,0.399606,0.399006,1.207866049013921,1.2079252781053802
2015-10-30,0.399606,0.399006,1.2078488993001089,1.2079081448917437
2015-11-02,0.399606,0.399006,1.2071205123630213,1.2071796864589484
2015-11-03,0.399606,0.399006,1.1938646003240472,1.1939223278691398
2015-11-04,0.399606,0.399006,1.1936437618325908,1.1937014380880637
2015-11-05,0.399606,0.399006,1.0982803824445455,1.0983244954380724
2015-11-06,0.399606,0.399006,1.0958485657327197,1.095892481901444
2015-11-09,0.399606,0.399006,1.0704735453600813,1.0705139064481777
2015-11-10,0.399606,0.399006,1.0624773778659748,1.0625167320932178
2015-11-11,0.399606,0.399006,1.062446888734407,1.062486154907314
2015-11-12,0.399606,0.399006,1.0569123820087931,1.0569508463727866
2015-11-13,0.399606,0.399006,1.0544057778635938,1.0544440415728586
2015-11-16,0.399606,0.399006,1.0366697790353685,1.0367067814556759
2015-11-17,1.H00852,1.000852,1.0222743900490714,1.0223095158892843
2015-11-18,1.H00852,1.000852,1.0034402418046402,1.0034735882786756
2015-11-19,1.H00852,1.000852,0.9956102948955781,0.9956428951221458
2015-11-20,1.H00852,1.000852,0.9837238463663237,0.9837604326712296
2015-11-23,1.H00852,1.000852,0.9799336543625665,0.979969355341105
2015-11-24,1.H00852,1.000852,0.977171478695183,0.9772057466903196
2015-11-25,1.H00852,1.000852,0.9766344336448558,0.9766678183723305
2015-11-26,1.H00852,1.000852,0.9717233697734436,0.9717559529766285
2015-11-27,1.H00852,1.000852,0.9699064204648635,0.969938615709009
2015-11-30,1.H00852,1.000852,0.9034371218039895,0.903464418823752
2015-12-01,1.H00852,1.000852,0.9034902675153881,0.9035175110296385
2015-12-22,1.H20955,cash,0.9355782627204317,0.0
2015-12-23,1.H20955,1.H30269,0.9355782627204317,0.9355812749524167
2015-12-24,1.H20955,cash,0.9353923212862556,0.0
2015-12-25,1.H20955,1.000016,0.9345639308183213,0.9330510473733246
2015-12-28,1.H20955,1.000016,0.9346818343604519,0.9330510473733246
2015-12-29,1.H11077,1.H11077,0.9232118741300094,0.9163141714988275
2016-01-13,1.H11077,1.H11077,0.9225021087087916,0.9158017589462005
2016-01-14,1.H11077,1.H11077,0.9225021087087916,0.9158017589462005
2016-03-03,1.H00016,cash,1.3138634416425796,0.0
2016-03-04,1.H00016,1.000016,1.5,1.4799954808438958
2016-03-07,1.H00016,1.000016,1.4470935404601593,1.4832250069453181
2016-03-08,1.H00016,1.000016,1.5,1.5
2016-03-09,1.H00016,1.000016,1.5,1.5
2016-03-10,1.H00016,1.000016,1.5,1.5
2016-03-11,1.H00016,1.000016,1.5,1.5
2016-03-14,1.H00016,1.000016,1.5,1.5
2016-03-15,1.H00016,1.000016,1.5,1.5
2016-03-16,1.H00016,1.000016,1.5,1.5
2016-03-17,1.H00016,1.000016,1.5,1.5
2016-03-18,1.H00016,1.000016,1.5,1.5
2016-03-23,0.399606,0.399006,1.5,1.5
2016-03-24,0.399606,0.399006,1.5,1.5
2016-03-25,0.399606,0.399006,1.5,1.5
2016-03-28,0.399606,0.399006,1.5,1.5
2016-03-29,0.399606,0.399006,1.5,1.5
2016-03-30,0.399606,0.399006,1.5,1.5
2016-03-31,0.399606,0.399006,1.5,1.5
2016-04-01,0.399606,0.399006,1.5,1.5
2016-04-05,0.399606,0.399006,1.5,1.5
2016-04-06,1.H00852,1.000852,1.5,1.5
2016-04-07,1.H00852,1.000852,1.5,1.5
2016-04-08,1.H00852,1.000852,1.5,1.5
2016-04-11,1.H00852,1.000852,1.5,1.5
2016-04-12,1.H00852,1.000852,1.5,1.5
2016-04-13,1.H00852,1.000852,1.5,1.5
2016-04-14,1.H00852,1.000852,1.5,1.5
2016-04-15,1.H00852,1.000852,1.5,1.5
2016-04-18,1.H00852,1.000852,1.5,1.5
2016-04-19,1.H00852,1.000852,1.5,1.5
2016-06-03,0.399606,0.399006,1.5,1.5
2016-06-06,0.399606,0.399006,1.5,1.5
2016-06-07,0.399606,0.399006,1.5,1.5
2016-06-08,1.H00852,1.000852,1.5,1.5
2016-06-13,1.H00852,1.000852,1.5,1.5
2016-06-14,1.H00852,1.000852,1.4574445620219654,1.5
2016-06-15,1.H00852,1.000852,1.4561906215275828,1.5
2016-06-16,1.H00852,1.000852,1.3870403221894,1.440803556572656
2016-06-17,1.H00852,1.000852,1.3868967003483967,1.4405762885741513
2016-06-20,1.H00852,1.000852,1.38505652056297,1.4382696333458997
2016-06-21,1.H00852,1.000852,1.3840506087039184,1.4369720326495405
2016-06-22,1.H00852,1.000852,1.3762977346111203,1.428781486023445
2016-06-23,1.H00852,1.000852,1.3604284639107096,1.4103385292994999
2016-06-24,1.H00852,1.000852,1.3601328345118657,1.4100839464077797
2016-06-27,1.H00852,1.000852,1.3571168068156645,1.4069898046842562
2016-06-28,1.H00852,1.000852,1.3308092331896049,1.376854100263831
2016-06-29,1.H00852,1.000852,1.3276400618328925,1.3730544626036947
2016-06-30,1.H00852,1.000852,1.3276404540911475,1.3729948909556644
2016-07-01,1.H00852,1.000852,1.37305863392737,1.3729498275277372
2016-07-04,1.H00852,1.000852,1.3748114206970976,1.3746829552612099
2016-07-05,1.H00852,1.000852,1.360815395024228,1.3606861856312018
2016-07-06,1.H00852,cash,1.3604399687517394,0.0
2016-07-08,0.399606,0.399006,1.3883462097943124,1.388131965659696
2016-07-11,1.H00905,1.000905,1.3885965964848748,1.3883908891613108
2016-07-12,1.H00905,1.000905,1.388468254821758,1.3882445450806573
2016-07-13,1.H00905,1.000905,1.393063618512144,1.3928710597972593
2016-07-14,1.H00905,1.000905,1.391125153196603,1.390928261924241
2016-07-15,1.H00905,1.000905,1.3917102681633855,1.3915256992712248
2016-07-18,1.H00905,1.000905,1.4178512819724962,1.4176860045125306
2016-07-19,1.H00905,1.000905,1.4166263321706998,1.4164574607554008
2016-07-20,1.H00905,1.000905,1.4163167777941739,1.4161440408699963
2016-07-21,1.H00905,1.000905,1.4321528970725788,1.4319019843848189
2016-07-22,1.H00905,1.000905,1.4319831335280016,1.4317195396240507
2016-07-25,1.H00905,1.000905,1.4315506284622976,1.4311732875195864
2016-07-26,1.H00905,1.000905,1.4573511345536505,1.4568722458391095
2016-07-27,1.H20955,1.H30269,1.5,1.5
2016-07-28,1.H20955,1.H30269,1.4615029893208569,1.4612738606486064
2016-07-29,1.H20955,1.H30269,1.4664443875695008,1.464369015215055
2016-08-01,1.H20955,cash,1.5,0.0
2016-08-02,1.H20955,1.H30269,1.5,1.5
2016-08-03,cash,1.H30269,0.0,1.5
2016-08-04,cash,1.H30269,0.0,1.5
2016-08-05,cash,1.H30269,0.0,1.5
2016-08-08,cash,1.H30269,0.0,1.5
2016-08-09,cash,1.H30269,0.0,1.5
2016-08-10,cash,1.H30269,0.0,1.5
2016-08-11,cash,1.H30269,0.0,1.5
2016-08-12,cash,1.H30269,0.0,1.5
2016-08-15,1.H00016,1.H30269,1.5,1.5
2016-08-16,1.H00016,1.H30269,1.5,1.5
2016-08-17,1.H00016,1.H30269,1.5,1.5
2016-08-18,1.H00016,1.H30269,1.5,1.5
2016-08-19,1.H00016,1.H30269,1.5,1.5
2016-08-22,1.H00016,1.H30269,1.5,1.5
2016-08-23,1.H00016,1.H30269,1.5,1.5
2016-08-24,1.H00016,1.000016,1.5,1.5
2016-08-25,cash,1.000016,0.0,1.5
2016-08-26,0.399606,0.399006,1.5,1.5
2016-08-29,0.399606,0.399006,1.5,1.5
2016-08-30,0.399606,0.399006,1.5,1.5
2016-08-31,0.399606,0.399006,1.5,1.5
2016-09-01,0.399606,0.399006,1.5,1.5
2016-09-02,0.399606,0.399006,1.5,1.5
2016-09-05,0.399606,0.399006,1.5,1.5
2016-09-06,0.399606,0.399006,1.5,1.5
2016-09-07,0.399606,0.399006,1.5,1.5
2016-09-08,0.399606,0.399006,1.5,1.5
2016-10-19,1.H00852,1.000852,1.5,1.5
2016-10-20,1.H00852,1.000852,1.5,1.5
2016-10-21,1.H00852,1.000852,1.5,1.5
2016-10-24,1.H00852,1.000852,1.5,1.5
2016-10-25,1.H00852,1.000852,1.5,1.5
2016-10-26,1.H00852,1.000852,1.5,1.5
2016-10-27,1.H00852,1.000852,1.5,1.5
2016-10-28,1.H00852,1.000852,1.5,1.5
2016-10-31,1.H00852,1.000016,1.5,1.5
2016-11-01,1.H00016,1.000016,1.5,1.5
2016-11-02,1.H00016,1.000016,1.5,1.5
2016-11-03,1.H00016,1.000016,1.5,1.5
2016-11-04,1.H00016,1.000016,1.5,1.5
2016-11-07,1.H00016,1.000016,1.5,1.5
2016-11-08,1.H00016,1.000016,1.5,1.5
2016-11-09,1.H00016,1.000016,1.5,1.5
2016-11-10,1.H00016,1.000016,1.5,1.5
2016-11-11,1.H00016,1.000016,1.5,1.5
2016-11-14,1.H00016,1.000016,1.5,1.5
2016-11-15,1.H00016,1.000016,1.5,1.5
2016-11-16,1.H00016,1.000016,1.5,1.5
2016-11-17,1.H00016,1.000016,1.5,1.5
2016-11-18,1.H00016,1.000016,1.5,1.5
2016-11-21,1.H00016,1.000016,1.5,1.5
2016-11-22,1.H00016,1.000016,1.5,1.5
2016-11-23,1.H00016,1.000016,1.5,1.5
2016-11-24,1.H00016,1.000016,1.5,1.5
2016-11-25,1.H00016,1.000016,1.5,1.5
2016-11-28,1.H00016,1.000016,1.5,1.5
2016-11-29,1.H00016,1.000016,1.5,1.5
2016-11-30,1.H00016,1.H30269,1.5,1.5
2016-12-01,1.H00016,1.H30269,1.5,1.5
2016-12-02,1.H00016,1.H30269,1.5,1.5
2016-12-05,1.H00016,1.H30269,1.5,1.5
2016-12-06,1.H00016,1.H30269,1.5,1.5
2016-12-07,1.H00016,1.H30269,1.5,1.5
2016-12-08,1.H00016,1.H30269,1.5,1.5
2016-12-09,1.H00016,1.H30269,1.5,1.5
2016-12-12,1.H00016,1.000016,1.5,1.5
2017-01-10,1.H00852,1.000852,1.5,1.5
2017-01-17,1.H20955,cash,1.5,0.0
2017-01-18,1.H20955,1.000016,1.5,1.5
2017-01-19,1.H20955,cash,1.5,0.0
2017-01-20,1.H20955,1.000016,1.5,1.5
2017-01-23,1.H20955,1.000016,1.5,1.5
2017-01-24,1.H20955,1.000016,1.5,1.5
2017-01-25,1.H00016,1.000016,1.5,1.5
2017-01-26,1.H00016,1.H30269,1.5,1.5
2017-02-03,1.H00016,1.H30269,1.5,1.5
2017-02-06,1.H20955,1.H30269,1.5,1.5
2017-02-07,1.H20955,cash,1.5,0.0
2017-02-20,1.H00852,1.000852,1.5,1.5
2017-02-21,1.H00852,1.000852,1.5,1.5
2017-02-22,1.H00852,1.000852,1.5,1.5
2017-02-23,1.H00852,1.000852,1.5,1.5
2017-02-24,1.H00852,1.000852,1.5,1.5
2017-02-27,1.H00852,1.000852,1.5,1.5
2017-02-28,0.399606,0.399006,1.5,1.5
2017-03-01,0.399606,0.399006,1.5,1.5
2017-03-03,0.399606,0.399006,1.5,1.5
2017-03-06,0.399606,0.399006,1.5,1.5
2017-03-07,0.399606,0.399006,1.5,1.5
2017-03-08,0.399606,0.399006,1.5,1.5
2017-03-09,0.399606,0.399006,1.5,1.5
2017-03-10,0.399606,0.399006,1.5,1.5
2017-03-13,0.399606,0.399006,1.5,1.5
2017-03-14,0.399606,0.399006,1.5,1.5
2017-03-15,0.399606,0.399006,1.5,1.5
2017-03-16,0.399606,0.399006,1.5,1.5
2017-03-17,0.399606,0.399006,1.5,1.5
2017-03-20,0.399606,0.399006,1.5,1.5
2017-03-21,0.399606,0.399006,1.5,1.5
2017-04-05,cash,1.H30269,0.0,1.5
2017-04-06,cash,1.H30269,0.0,1.5
2017-04-07,1.H20955,1.H30269,1.5,1.5
2017-04-10,1.H20955,1.H30269,1.5,1.5
2017-04-11,1.H20955,1.H30269,1.5,1.5
2017-04-12,1.H20955,1.H30269,1.5,1.5
2017-04-13,1.H20955,1.H30269,1.5,1.5
2017-04-14,1.H20955,1.H30269,1.5,1.5
2017-04-17,1.H20955,1.H30269,1.5,1.5
2017-04-18,1.H20955,1.H30269,1.5,1.5
2017-04-19,cash,1.H30269,0.0,1.5
2017-04-20,cash,1.H30269,0.0,1.5
2017-04-21,cash,1.H30269,0.0,1.5
2017-05-23,1.H00016,1.000016,1.5,1.5
2017-05-24,1.H00016,1.000016,1.5,1.5
2017-05-25,1.H00016,1.000016,1.5,1.5
2017-05-26,1.H00016,1.000016,1.5,1.5
2017-05-31,1.H00016,1.000016,1.5,1.5
2017-06-01,1.H00016,1.000016,1.5,1.5
2017-06-02,1.H00016,1.000016,1.5,1.5
2017-06-05,1.H00016,1.000016,1.5,1.5
2017-06-06,1.H00016,1.000016,1.5,1.5
2017-06-07,1.H00016,1.000016,1.5,1.5
2017-06-08,1.H00016,1.000016,1.5,1.5
2017-06-09,1.H00016,1.000016,1.5,1.5
2017-06-12,1.H00016,1.000016,1.5,1.5
2017-06-13,1.H00016,1.000016,1.5,1.5
2017-06-14,1.H00016,1.000016,1.5,1.5
2017-06-21,1.H00852,cash,1.5,0.0
2017-06-22,1.H00852,1.000852,1.5,1.5
2017-06-23,1.H00852,1.000852,1.5,1.5
2017-06-26,1.H00852,1.000852,1.5,1.5
2017-06-27,1.H00852,1.000852,1.5,1.5
2017-06-28,1.H00852,1.000852,1.5,1.5
2017-06-29,1.H00852,1.000852,1.5,1.5
2017-06-30,1.H00852,1.000852,1.5,1.5
2017-07-03,1.H00852,1.000852,1.5,1.5
2017-07-04,1.H00852,1.000852,1.5,1.5
2017-07-05,1.H00852,1.000852,1.5,1.5
2017-07-06,1.H00852,1.000852,1.5,1.5
2017-07-07,1.H00852,1.000852,1.5,1.5
2017-07-10,1.H00852,1.000852,1.5,1.5
2017-07-17,1.H00016,cash,1.5,0.0
2017-07-18,1.H00016,1.000016,1.5,1.5
2017-07-19,1.H00016,1.000016,1.5,1.5
2017-07-20,1.H00016,1.000016,1.5,1.5
2017-07-21,1.H00016,1.000016,1.5,1.5
2017-07-24,1.H00016,1.000016,1.5,1.5
2017-07-25,1.H00016,1.000016,1.5,1.5
2017-07-26,1.H00016,1.000016,1.5,1.5
2017-07-27,1.H00016,1.000016,1.5,1.5
2017-07-28,1.H00016,1.000016,1.5,1.5
2017-08-14,0.399606,0.399006,1.5,1.5
2017-08-15,0.399606,0.399006,1.5,1.5
2017-08-16,0.399606,0.399006,1.5,1.5
2017-08-17,0.399606,0.399006,1.5,1.5
2017-08-18,0.399606,0.399006,1.5,1.5
2017-08-21,0.399606,0.399006,1.5,1.5
2017-08-22,0.399606,0.399006,1.5,1.5
2017-08-23,0.399606,0.399006,1.5,1.5
2017-08-24,0.399606,0.399006,1.5,1.5
2017-08-25,0.399606,0.399006,1.5,1.5
2017-08-28,0.399606,0.399006,1.5,1.5
2017-08-29,0.399606,0.399006,1.5,1.5
2017-08-30,0.399606,0.399006,1.5,1.5
2017-08-31,0.399606,0.399006,1.5,1.5
2017-09-01,0.399606,0.399006,1.5,1.5
2017-09-04,0.399606,0.399006,1.5,1.5
2017-09-05,0.399606,0.399006,1.5,1.5
2017-09-06,0.399606,0.399006,1.5,1.5
2017-09-07,0.399606,0.399006,1.5,1.5
2017-09-08,0.399606,0.399006,1.5,1.5
2017-09-11,0.399606,0.399006,1.5,1.5
2017-09-12,0.399606,0.399006,1.5,1.5
2017-09-13,0.399606,0.399006,1.5,1.5
2017-09-14,1.H00852,1.000852,1.5,1.5
2017-09-15,1.H00852,1.000852,1.5,1.5
2017-09-18,1.H00852,1.000852,1.5,1.5
2017-09-19,1.H00852,1.000852,1.5,1.5
2017-09-20,1.H00852,1.000852,1.5,1.5
2017-09-21,1.H00852,1.000852,1.5,1.5
2017-09-22,1.H00852,1.000852,1.5,1.5
2017-10-11,cash,1.H30269,0.0,1.5
2017-10-12,cash,1.H30269,0.0,1.5
2017-10-13,cash,1.H30269,0.0,1.5
2017-10-16,cash,1.H30269,0.0,1.5
2017-10-17,cash,1.H30269,0.0,1.5
2017-10-18,1.H00016,1.H30269,1.5,1.5
2017-10-19,1.H00016,1.H30269,1.5,1.5
2017-10-20,1.H00016,1.H30269,1.5,1.5
2017-10-23,1.H00016,1.H30269,1.5,1.5
2017-10-24,1.H00016,1.H30269,1.5,1.5
2017-10-25,1.H00016,1.H30269,1.5,1.5
2017-10-26,1.H00016,1.H30269,1.5,1.5
2017-10-27,1.H00016,1.H30269,1.5,1.5
2017-10-30,1.H00016,1.H30269,1.5,1.5
2017-10-31,1.H00016,1.H30269,1.5,1.5
2017-11-01,1.H00016,1.000016,1.5,1.5
2017-11-02,1.H00016,1.000016,1.5,1.5
2017-11-03,1.H00016,1.000016,1.5,1.5
2017-11-06,1.H00016,1.000016,1.5,1.5
2017-11-07,1.H00016,1.000016,1.5,1.5
2017-11-08,1.H00016,1.000016,1.5,1.5
2017-11-09,1.H00016,1.000016,1.5,1.5
2017-11-10,1.H00016,1.000016,1.5,1.5
2017-11-13,1.H00016,1.000016,1.5,1.5
2017-11-14,1.H00016,1.000016,1.5,1.5
2017-11-15,1.H00016,1.000016,1.5,1.5
2017-11-16,1.H00016,1.000016,1.5,1.5
2017-11-17,1.H00016,1.000016,1.5,1.5
2017-11-20,1.H00016,1.000016,1.5,1.5
2017-11-21,1.H00016,1.000016,1.5,1.5
2017-11-22,1.H00016,1.000016,1.5,1.5
2017-11-23,1.H00016,1.000016,1.5,1.5
2017-11-24,1.H00016,1.000016,1.5,1.5
2017-11-27,1.H00016,1.000016,1.5,1.5
2017-11-28,1.H00016,1.000016,1.5,1.5
2017-11-29,1.H00016,1.000016,1.5,1.5
2017-11-30,1.H00016,1.000016,1.5,1.5
2018-01-03,1.H00905,1.000905,1.5,1.5
2018-01-04,1.H00905,1.000905,1.5,1.5
2018-01-05,1.H00905,1.000905,1.5,1.5
2018-01-08,1.H00905,1.000905,1.5,1.5
2018-01-09,1.H00905,1.H30269,1.5,1.5
2018-01-10,1.H00905,1.H30269,1.5,1.5
2018-01-11,1.H00905,1.H30269,1.5,1.5
2018-01-12,cash,1.H30269,0.0,1.5
2018-01-15,cash,1.H30269,0.0,1.5
2018-01-16,1.H20955,1.H30269,1.5,1.5
2018-01-17,1.H00016,1.H30269,1.5,1.5
2018-01-18,1.H00016,1.H30269,1.5,1.5
2018-01-19,1.H00016,1.H30269,1.5,1.5
2018-01-22,1.H00016,1.000016,1.5,1.5
2018-01-23,1.H00016,1.000016,1.5,1.5
2018-01-24,1.H00016,1.000016,1.5,1.5
2018-01-25,1.H00016,1.000016,1.5,1.5
2018-01-26,1.H00016,1.000016,1.5,1.5
2018-01-29,1.H20955,1.000016,1.5,1.5
2018-01-30,1.H20955,1.000016,1.5,1.5
2018-01-31,1.H20955,1.000016,1.5,1.5
2018-02-01,1.H20955,1.000016,1.5,1.5
2018-02-02,cash,1.000016,0.0,1.5
2018-02-05,1.H20955,1.000016,1.5,1.5
2018-03-07,0.399606,0.399006,1.5,1.5
2018-03-08,0.399606,0.399006,1.5,1.5
2018-03-09,0.399606,0.399006,1.5,1.5
2018-03-12,0.399606,0.399006,1.5,1.5
2018-03-13,0.399606,0.399006,1.5,1.5
2018-03-14,0.399606,0.399006,1.5,1.5
2018-03-15,0.399606,0.399006,1.5,1.5
2018-03-16,0.399606,0.399006,1.5,1.5
2018-03-19,0.399606,0.399006,1.5,1.5
2018-03-20,0.399606,0.399006,1.5,1.5
2018-03-21,0.399606,0.399006,1.5,1.5
2018-03-22,1.H00852,1.000852,1.5,1.5
2018-05-16,cash,1.H30269,0.0,1.5
2018-05-17,1.H00016,1.H30269,1.5,1.5
2018-05-18,1.H00016,1.H30269,1.5,1.5
2018-05-21,1.H00016,1.H30269,1.5,1.5
2018-05-22,1.H00016,1.H30269,1.5,1.5
2018-05-23,cash,1.H30269,0.0,1.5
2018-05-24,1.H20955,cash,1.5,0.0
2018-05-28,1.H20955,1.H30269,1.5,1.5
2018-05-29,cash,1.H30269,0.0,1.5
2018-07-17,0.399606,0.399006,1.5,1.5
2018-07-18,0.399606,0.399006,1.5,1.5
2018-07-19,0.399606,0.399006,1.5,1.5
2018-07-20,0.399606,0.399006,1.5,1.5
2018-07-23,0.399606,0.399006,1.5,1.5
2018-07-24,1.H00016,0.399006,1.5,1.5
2018-07-25,1.H00016,1.000852,1.5,1.5
2018-07-26,1.H00016,1.000852,1.5,1.5
2018-07-27,1.H00016,cash,1.5,0.0
2018-07-30,1.H00016,1.000016,1.5,1.5
2018-07-31,1.H00016,1.000016,1.5,1.5
2018-08-01,1.H20955,cash,1.5,0.0
2018-08-02,1.H20955,1.000016,1.5,1.5
2018-08-03,1.H20955,cash,1.5,0.0
2018-09-26,cash,1.H30269,0.0,1.5
2018-09-27,1.H00016,1.H30269,1.5,1.5
2018-09-28,1.H00016,1.H30269,1.5,1.5
2018-11-08,0.399606,0.399006,1.5,1.5
2018-11-09,1.H00852,1.000852,1.5,1.5
2018-11-12,1.H00852,1.000852,1.5,1.5
2018-11-13,1.H00852,1.000852,1.5,1.5
2018-11-14,1.H00852,1.000852,1.5,1.5
2018-11-15,1.H00852,1.000852,1.5,1.5
2018-11-16,1.H00852,1.000852,1.5,1.5
2018-11-19,1.H00852,1.000852,1.5,1.5
2018-11-20,1.H00852,1.000852,1.5,1.5
2018-11-21,1.H00852,1.000852,1.5,1.5
2018-11-22,1.H00852,1.000852,1.5,1.5
2018-11-23,1.H00852,1.000852,1.5,1.5
2018-11-26,1.H00852,1.000852,1.5,1.5
2018-11-27,1.H00852,1.000852,1.5,1.5
2018-11-28,1.H00852,1.000852,1.5,1.5
2019-01-18,1.H00016,1.000016,1.5,1.5
2019-01-21,1.H00016,1.000016,1.5,1.5
2019-01-22,1.H00016,1.000016,1.5,1.5
2019-01-23,1.H00016,1.000016,1.5,1.5
2019-01-24,1.H00016,1.000016,1.5,1.5
2019-01-25,1.H00016,1.000016,1.5,1.5
2019-01-28,1.H00016,1.000016,1.5,1.5
2019-01-29,1.H00016,1.000016,1.5,1.5
2019-01-30,1.H00016,1.000016,1.5,1.5
2019-01-31,1.H00016,1.000016,1.5,1.5
2019-02-01,1.H00016,1.000016,1.5,1.5
2019-02-11,1.H00016,1.000016,1.5,1.5
2019-02-12,1.H00016,1.000016,1.5,1.5
2019-02-13,1.H00016,1.000016,1.5,1.5
2019-02-14,1.H00016,1.000016,1.5,1.5
2019-02-15,0.399606,0.399006,1.5,1.5
2019-02-18,0.399606,0.399006,1.5,1.5
2019-02-19,0.399606,0.399006,1.5,1.5
2019-02-20,0.399606,0.399006,1.5,1.5
2019-02-21,0.399606,0.399006,1.5,1.5
2019-02-22,0.399606,0.399006,1.5,1.5
2019-02-25,0.399606,0.399006,1.5,1.5
2019-02-26,0.399606,0.399006,1.5,1.5
2019-02-27,0.399606,0.399006,1.5,1.5
2019-02-28,0.399606,0.399006,1.5,1.5
2019-03-01,0.399606,0.399006,1.5,1.5
2019-03-04,0.399606,0.399006,1.4954754010085094,1.4954838487545359
2019-03-05,0.399606,0.399006,1.4457206511684126,1.445727065585781
2019-03-06,0.399606,0.399006,1.3960136937621777,1.3960207912137448
2019-03-11,0.399606,0.399006,1.3884969208938656,1.3885039619062718
2019-03-14,0.399606,0.399006,1.3992560351947247,1.399264340944065
2019-03-15,0.399606,0.399006,1.4115821336088195,1.411589838950092
2019-03-18,0.399606,0.399006,1.4112093293985906,1.4112170353563567
2019-03-19,1.H00852,1.000852,1.3938231445795135,1.3938312330333105
2019-03-20,1.H00852,1.000852,1.396127565527181,1.396136044241047
2019-03-21,1.H00852,1.000852,1.3944667193801032,1.3944754437198765
2019-03-22,1.H00852,1.000852,1.4354369689694397,1.4354464809353475
2019-03-25,1.H00852,1.000852,1.4360789802449694,1.4360888153085067
2019-03-26,1.H00852,1.000852,1.4286709839469052,1.4286814534752772
2019-04-01,cash,1.H30269,0.0,1.4920647014036668
2019-04-02,cash,1.H30269,0.0,1.5
2019-04-03,1.H00016,1.H30269,1.5,1.5
2019-04-04,1.H00016,1.H30269,1.5,1.5
2019-04-08,1.H00016,1.H30269,1.5,1.5
2019-04-09,1.H00016,1.H30269,1.5,1.5
2019-04-10,1.H00016,1.H30269,1.5,1.5
2019-04-11,1.H00016,1.H30269,1.5,1.5
2019-04-12,1.H00016,1.H30269,1.5,1.5
2019-04-15,1.H00016,1.000016,1.5,1.5
2019-04-16,1.H00016,1.000016,1.5,1.5
2019-04-17,1.H00016,1.000016,1.4613365790463058,1.4580969368276622
2019-04-18,1.H00016,1.000016,1.4602325744189126,1.4569951927308145
2019-04-19,1.H00016,1.000016,1.457363190587031,1.4541324877471138
2019-04-22,1.H00016,1.000016,1.4548238650186063,1.451645630104435
2019-04-23,1.H00016,1.000016,1.4161008115422145,1.4131106322468723
2019-06-17,1.H00016,1.000016,1.498754243957752,1.4950863534569998
2019-06-18,1.H00016,1.000016,1.5,1.5
2019-06-19,1.H00016,1.000016,1.5,1.5
2019-06-20,1.H00016,1.000016,1.5,1.5
2019-06-21,1.H00016,1.000016,1.5,1.5
2019-06-24,1.H00016,1.000016,1.5,1.5
2019-06-25,1.H00016,1.000016,1.5,1.5
2019-06-26,1.H00016,1.000016,1.5,1.5
2019-06-27,1.H00016,cash,1.5,0.0
2019-06-28,0.399606,cash,1.5,0.0
2019-07-01,0.399606,0.399006,1.5,1.5
2019-07-02,0.399606,0.399006,1.5,1.5
2019-07-03,0.399606,0.399006,1.5,1.5
2019-07-04,0.399606,0.399006,1.5,1.5
2019-07-05,0.399606,0.399006,1.5,1.5
2019-07-08,0.399606,0.399006,1.5,1.5
2019-07-09,0.399606,0.399006,1.5,1.5
2019-07-10,0.399606,0.399006,1.5,1.5
2019-07-11,0.399606,0.399006,1.5,1.5
2019-07-12,0.399606,0.399006,1.5,1.5
2019-07-15,0.399606,0.399006,1.5,1.5
2019-07-16,0.399606,0.399006,1.5,1.5
2019-08-01,0.399606,0.399006,1.5,1.5
2019-09-02,1.H00852,1.000852,1.5,1.5
2019-09-03,1.H00852,1.000852,1.5,1.5
2019-09-04,1.H00852,1.000852,1.5,1.5
2019-09-05,1.H00852,1.000852,1.5,1.5
2019-09-06,1.H00852,1.000852,1.5,1.5
2019-09-09,1.H00852,1.000852,1.5,1.5
2019-09-10,1.H00852,1.000852,1.5,1.5
2019-09-11,1.H00852,1.000852,1.5,1.5
2019-09-12,1.H00852,1.000852,1.5,1.5
2019-09-16,1.H00852,1.000852,1.5,1.5
2019-09-17,1.H00852,1.000852,1.5,1.5
2019-09-18,1.H00852,1.000852,1.5,1.5
2019-09-19,1.H00852,1.000852,1.5,1.5
2019-09-20,1.H00852,1.000852,1.5,1.5
2019-09-23,1.H00852,1.000852,1.5,1.5
2019-09-24,1.H00852,1.000852,1.5,1.5
2019-09-25,1.H00852,1.000852,1.5,1.5
2019-10-31,0.399606,0.399006,1.5,1.5
2019-11-01,0.399606,0.399006,1.5,1.5
2019-11-04,0.399606,0.399006,1.5,1.5
2019-11-05,0.399606,0.399006,1.5,1.5
2019-11-06,0.399606,0.399006,1.5,1.5
2019-11-07,0.399606,0.399006,1.5,1.5
2019-11-08,0.399606,0.399006,1.5,1.5
2019-12-09,1.H00905,1.000905,1.5,1.5
2019-12-10,1.H00905,1.000905,1.5,1.5
2019-12-11,1.H00905,1.000905,1.5,1.5
2019-12-12,1.H00905,1.000905,1.5,1.5
2019-12-13,1.H00852,1.000852,1.5,1.5
2019-12-16,1.H00852,1.000852,1.5,1.5
2019-12-17,1.H00852,1.000852,1.5,1.5
2019-12-18,1.H00852,1.000852,1.5,1.5
2019-12-19,1.H00852,1.000852,1.5,1.5
2019-12-20,1.H00852,1.000852,1.5,1.5
2019-12-23,1.H00852,1.000852,1.5,1.5
2019-12-24,1.H00852,1.000852,1.5,1.5
2019-12-25,1.H00852,1.000852,1.5,1.5
2019-12-26,1.H00852,1.000852,1.5,1.5
2019-12-27,1.H00852,1.000852,1.5,1.5
2019-12-30,1.H00852,1.000852,1.5,1.5
2019-12-31,1.H00852,1.000852,1.5,1.5
2020-01-02,1.H00852,1.000852,1.5,1.5
2020-01-03,1.H00852,1.000852,1.5,1.5
2020-01-06,1.H00852,1.000852,1.5,1.5
2020-01-07,1.H00852,1.000852,1.5,1.5
2020-01-08,1.H00852,1.000852,1.5,1.5
2020-01-09,1.H00852,1.000852,1.5,1.5
2020-01-10,1.H00852,1.000852,1.5,1.5
2020-01-13,1.H00852,1.000852,1.5,1.5
2020-01-14,1.H00852,1.000852,1.5,1.5
2020-01-15,1.H00852,1.000852,1.5,1.5
2020-01-16,1.H00852,1.000852,1.5,1.5
2020-01-17,0.399606,0.399006,1.5,1.5
2020-01-20,0.399606,0.399006,1.5,1.5
2020-01-21,0.399606,0.399006,1.5,1.5
2020-01-22,0.399606,0.399006,1.5,1.5
2020-01-23,0.399606,0.399006,1.5,1.5
2020-02-12,0.399606,0.399006,1.5,1.5
2020-02-13,0.399606,0.399006,1.5,1.5
2020-02-14,0.399606,0.399006,1.5,1.5
2020-02-17,0.399606,0.399006,1.5,1.5
2020-02-18,0.399606,0.399006,1.5,1.5
2020-02-19,0.399606,0.399006,1.5,1.5
2020-02-20,0.399606,0.399006,1.5,1.5
2020-02-21,0.399606,0.399006,1.4950261238271014,1.495049864049338
2020-02-24,0.399606,0.399006,1.4786533696209203,1.47867506428664
2020-02-25,1.H00852,1.000852,1.465802853467499,1.4658223570988271
2020-02-26,1.H00852,1.000852,1.4617953215594888,1.461814317744254
2020-02-27,1.H00852,1.000852,1.41483371693092,1.4148516215074562
2020-02-28,1.H00852,1.000852,1.414891076193724,1.4149089219993658
2020-03-02,1.H00852,1.000852,1.2716318209898607,1.2716499275772228
2020-03-03,1.H00852,1.000852,1.2174857792238516,1.2175021110364008
2020-03-04,1.H00852,1.000852,1.2148645259584037,1.2148799029009765
2020-03-05,1.H00852,1.000852,1.2157337165406894,1.2157490019010495
2020-03-06,1.H20955,1.H30269,1.2117682819905247,1.2117835854755492
2020-03-09,1.H20955,cash,1.2128035418188534,0.0
2020-03-10,1.H20955,1.H30269,1.2014438779031629,1.1936700621231895
2020-04-14,1.H00016,1.000016,1.2113377913232628,1.207286821507872
2020-04-15,1.H00016,1.000016,1.211856706221572,1.2077552899052773
2020-04-16,1.H00016,1.000016,1.2133392185469194,1.2095097728140454
2020-04-17,1.H00016,1.000016,1.2232682799713275,1.2196022571101184
2020-04-20,1.H00016,1.000016,1.221486769425141,1.2178048422240886
2020-04-21,1.H00016,1.000016,1.2212525546771364,1.2175116274851896
2020-04-22,1.H00016,1.000016,1.2161976695788093,1.2127479950196072
2020-04-23,1.H00016,1.000016,1.220044930151501,1.216282055709002
2020-04-24,1.H00016,1.000016,1.2373677501521927,1.233135214530198
2020-04-27,1.H00016,1.000016,1.243922237151342,1.2400160630710328
2020-04-28,1.H00016,1.000016,1.24170975044963,1.237754857965288
2020-04-29,1.H00016,1.000016,1.2417221732870096,1.2377672340241943
2020-04-30,1.H00016,1.000016,1.2432370514114306,1.2390352099792903
2020-05-06,1.H00016,1.000016,1.2431279602875331,1.238918406574174
2020-05-07,1.H00016,1.000016,1.2441807795082653,1.2400536646592089
2020-05-08,1.H00016,1.000016,1.2554643117512463,1.2515905095160202
2020-05-11,1.H00016,1.000016,1.253794100282772,1.2511146033560543
2020-05-12,0.399606,0.399006,1.2568744820364872,1.2543700123646755
2020-05-13,0.399606,0.399006,1.2642135408132102,1.2619612457986535
2020-05-14,0.399606,0.399006,1.2694431390949248,1.2667602308979056
2020-05-15,0.399606,0.399006,1.2733177918935454,1.2710612731578408
2020-05-18,0.399606,0.399006,1.2731843437256496,1.2709142747779196
2020-05-19,0.399606,0.399006,1.2779006052039663,1.2759419484125172
2020-05-20,0.399606,0.399006,1.271586269295988,1.2693808837539813
2020-05-21,0.399606,0.399006,1.266262746413062,1.2641930845382254
2020-06-08,1.H00852,1.000852,1.5,1.5
2020-06-09,1.H00852,1.000852,1.5,1.5
2020-06-10,1.H00852,1.000852,1.5,1.5
2020-06-11,1.H00852,1.000852,1.5,1.5
2020-06-12,1.H00852,1.000852,1.5,1.5
2020-06-15,0.399606,0.399006,1.5,1.5
2020-06-16,0.399606,0.399006,1.5,1.5
2020-06-17,0.399606,0.399006,1.5,1.5
2020-06-18,0.399606,0.399006,1.5,1.5
2020-06-19,0.399606,0.399006,1.5,1.5
2020-06-22,0.399606,0.399006,1.5,1.5
2020-06-23,0.399606,0.399006,1.5,1.5
2020-06-24,0.399606,0.399006,1.5,1.5
2020-06-29,0.399606,0.399006,1.5,1.5
2020-06-30,0.399606,0.399006,1.5,1.5
2020-07-01,0.399606,0.399006,1.5,1.5
2020-07-02,0.399606,0.399006,1.5,1.5
2020-07-03,0.399606,0.399006,1.5,1.5
2020-07-06,0.399606,0.399006,1.5,1.5
2020-07-07,1.H00016,1.000016,1.5,1.5
2020-07-08,1.H00016,1.000016,1.5,1.5
2020-07-09,1.H00016,1.000016,1.5,1.5
2020-07-10,1.H00016,1.000016,1.5,1.5
2020-07-13,1.H00016,1.000016,1.5,1.5
2020-07-14,0.399606,0.399006,1.5,1.5
2020-07-17,0.399606,0.399006,1.5,1.5
2020-07-20,0.399606,0.399006,1.5,1.5
2020-07-21,1.H00905,1.000905,1.5,1.5
2020-07-22,1.H00852,1.000852,1.5,1.5
2020-07-23,1.H00852,1.000852,1.5,1.5
2020-07-24,1.H00852,1.000852,1.5,1.5
2020-08-13,cash,1.H30269,0.0,1.5
2020-08-14,cash,1.H30269,0.0,1.5
2020-08-17,cash,1.H30269,0.0,1.5
2020-08-18,1.H20955,1.H30269,1.5,1.5
2020-08-19,1.H20955,1.H30269,1.5,1.5
2020-08-20,1.H20955,1.H30269,1.5,1.5
2020-08-21,1.H20955,1.H30269,1.5,1.5
2020-08-24,cash,1.H30269,0.0,1.5
2020-08-25,cash,1.H30269,0.0,1.5
2020-10-13,0.399606,0.399006,1.5,1.5
2020-10-14,0.399606,0.399006,1.5,1.5
2020-10-15,0.399606,0.399006,1.5,1.5
2020-10-16,0.399606,0.399006,1.5,1.5
2020-10-19,0.399606,0.399006,1.5,1.5
2020-10-20,0.399606,0.399006,1.5,1.5
2020-10-21,0.399606,0.399006,1.5,1.5
2020-10-22,0.399606,0.399006,1.5,1.5
2020-10-27,0.399606,0.399006,1.5,1.5
2020-10-28,0.399606,0.399006,1.5,1.5
2020-10-29,0.399606,0.399006,1.5,1.5
2020-11-11,cash,1.H30269,0.0,1.5
2020-11-12,cash,1.H30269,0.0,1.5
2020-11-13,cash,1.H30269,0.0,1.5
2020-11-16,cash,1.H30269,0.0,1.5
2020-11-17,cash,1.H30269,0.0,1.5
2020-11-18,1.H20955,1.H30269,1.5,1.5
2020-11-19,1.H20955,1.H30269,1.5,1.5
2020-11-20,1.H20955,1.H30269,1.5,1.5
2020-11-23,1.H20955,1.H30269,1.5,1.5
2020-11-24,1.H20955,1.H30269,1.5,1.5
2020-11-25,1.H20955,1.H30269,1.5,1.5
2020-11-26,1.H20955,1.H30269,1.5,1.5
2020-11-27,1.H20955,1.H30269,1.5,1.5
2020-11-30,1.H20955,1.H30269,1.5,1.5
2020-12-01,1.H20955,1.H30269,1.5,1.5
2020-12-02,1.H20955,1.000016,1.5,1.5
2020-12-03,1.H20955,1.000016,1.5,1.5
2020-12-04,1.H00016,1.000016,1.5,1.5
2020-12-07,1.H00016,1.000016,1.5,1.5
2020-12-08,1.H00016,1.000016,1.5,1.5
2020-12-15,0.399606,0.399006,1.5,1.5
2020-12-16,0.399606,0.399006,1.5,1.5
2020-12-17,0.399606,0.399006,1.5,1.5
2020-12-18,0.399606,0.399006,1.5,1.5
2020-12-21,0.399606,0.399006,1.5,1.5
2020-12-22,0.399606,0.399006,1.5,1.5
2020-12-23,0.399606,0.399006,1.5,1.5
2020-12-24,0.399606,0.399006,1.5,1.5
2020-12-25,0.399606,0.399006,1.5,1.5
2020-12-28,0.399606,0.399006,1.5,1.5
2020-12-29,0.399606,0.399006,1.5,1.5
2020-12-30,0.399606,0.399006,1.5,1.5
2020-12-31,0.399606,0.399006,1.5,1.5
2021-01-04,0.399606,0.399006,1.5,1.5
2021-01-05,0.399606,0.399006,1.5,1.5
2021-01-06,0.399606,0.399006,1.5,1.5
2021-01-07,0.399606,0.399006,1.5,1.5
2021-01-08,0.399606,0.399006,1.5,1.5
2021-01-11,0.399606,0.399006,1.5,1.5
2021-01-12,0.399606,0.399006,1.5,1.5
2021-01-13,0.399606,0.399006,1.5,1.5
2021-01-14,0.399606,0.399006,1.5,1.5
2021-01-15,0.399606,0.399006,1.5,1.5
2021-01-18,1.H00016,1.000016,1.5,1.5
2021-01-19,1.H00016,1.000016,1.5,1.5
2021-01-20,1.H00016,1.000016,1.5,1.5
2021-01-21,0.399606,0.399006,1.5,1.5
2021-01-22,0.399606,0.399006,1.5,1.5
2021-01-25,0.399606,0.399006,1.5,1.5
2021-01-26,0.399606,0.399006,1.5,1.5
2021-01-27,0.399606,0.399006,1.5,1.4943045370413215
2021-01-28,0.399606,0.399006,1.5,1.492328274050934
2021-02-18,1.H00016,cash,1.4965035831494882,0.0
2021-02-19,1.H00016,cash,1.5,0.0
2021-02-25,1.H20955,1.H30269,1.4956538862671702,1.5
2021-02-26,1.H20955,1.H30269,1.4982732201917701,1.5
2021-03-01,1.H20955,1.H30269,1.4815357637918822,1.495649582030502
2021-03-02,1.H20955,1.H30269,1.4894932794201645,1.5
2021-03-03,1.H20955,1.H30269,1.485700469139315,1.497777526551605
2021-03-04,1.H20955,1.H30269,1.4451634670557334,1.4717739414020174
2021-03-05,1.H20955,1.H30269,1.445160209493997,1.4718678657037176
2021-03-08,1.H20955,1.H30269,1.4382837584324362,1.4585545190496798
2021-03-09,1.H20955,1.H30269,1.4383028199859862,1.4564693953135048
2021-03-10,1.H20955,1.H30269,1.438175662634354,1.4494240051584175
2021-03-11,1.H20955,1.H30269,1.4323260910316342,1.4459937397695746
2021-03-12,1.H20955,1.H30269,1.4031882755725662,1.416087635979082
2021-03-15,1.H20955,1.H30269,1.3957111948629322,1.400137126453428
2021-03-16,1.H20955,1.H30269,1.3911852770082165,1.4057227605999112
2021-03-17,1.H20955,1.H30269,1.390849464357312,1.4343291286659479
2021-03-18,1.H20955,1.H30269,1.3848830488644737,1.431425677705556
2021-03-19,1.H20955,1.H30269,1.384834957590868,1.4318222928936644
2021-03-22,1.H20955,1.H30269,1.382137178516201,1.4254605686026673
2021-03-23,1.H20955,1.H30269,1.3761258093253623,1.4210875887571754
2021-03-24,1.H20955,1.H30269,1.3796153027262075,1.4238385090006749
2021-03-26,1.H20955,cash,1.379003540619104,0.0
2021-03-29,1.H20955,cash,1.3793715273893716,0.0
2021-04-06,0.399606,0.399006,1.39468212946855,1.442604613888641
2021-04-07,0.399606,0.399006,1.3963482115112176,1.4425876408849845
2021-04-08,0.399606,0.399006,1.396618105246807,1.442885956282868
2021-04-13,0.399606,0.399006,1.387398403904446,1.4328648243066977
2021-04-14,0.399606,0.399006,1.387398403904446,1.4328648243066977
2021-04-15,0.399606,0.399006,1.366816428402017,1.4103292842340815
2021-04-19,0.399606,0.399006,1.364711268465239,1.4079698975218358
2021-04-20,0.399606,0.399006,1.3675312384152065,1.4110260135971433
2021-04-21,0.399606,0.399006,1.367733447904508,1.4112143676363949
2021-04-22,0.399606,0.399006,1.425756678100355,1.4750752104126372
2021-04-23,0.399606,0.399006,1.456127004723304,1.5
2021-04-26,0.399606,0.399006,1.4448775615031821,1.4966194075166923
2021-04-27,0.399606,0.399006,1.4443682544753271,1.4960253703080193
2021-04-28,0.399606,0.399006,1.4451961720347974,1.4969377424170291
2021-04-29,0.399606,0.399006,1.4240219695146155,1.4735451308799214
2021-04-30,0.399606,0.399006,1.4309764147521384,1.4813052972380032
2021-05-06,0.399606,0.399006,1.4701439846605349,1.5
2021-05-07,0.399606,0.399006,1.4600599003477037,1.5
2021-05-10,0.399606,0.399006,1.4708120728835095,1.5
2021-05-11,0.399606,0.399006,1.4723493219976993,1.5
2021-05-12,0.399606,0.399006,1.4742438807368514,1.5
2021-05-13,0.399606,0.399006,1.4770748961184959,1.5
2021-05-14,0.399606,0.399006,1.4761538315031728,1.5
2021-05-17,0.399606,0.399006,1.4431232304051085,1.494794122834057
2021-05-18,0.399606,0.399006,1.4491112100763928,1.5
2021-05-19,0.399606,0.399006,1.4596040625847435,1.5
2021-05-20,0.399606,0.399006,1.4663287927062836,1.5
2021-05-21,0.399606,0.399006,1.4622574096984364,1.5
2021-05-24,0.399606,0.399006,1.4758066838643968,1.5
2021-05-25,0.399606,0.399006,1.4788193809311903,1.5
2021-05-26,0.399606,0.399006,1.4392582813905297,1.4911545781504931
2021-05-27,0.399606,0.399006,1.4377440630609064,1.4893519655254264
2021-05-28,0.399606,0.399006,1.4593401342573462,1.5
2021-05-31,0.399606,0.399006,1.4592554671837972,1.5
2021-06-01,0.399606,0.399006,1.4785338194227642,1.5
2021-06-02,0.399606,0.399006,1.4797291398479948,1.5
2021-06-03,0.399606,0.399006,1.5,1.5
2021-06-04,0.399606,0.399006,1.5,1.5
2021-06-07,0.399606,0.399006,1.5,1.5
2021-06-08,1.H00852,1.000852,1.5,1.5
2021-06-09,1.H00852,1.000852,1.5,1.5
2021-06-10,1.H00852,1.000852,1.5,1.5
2021-06-11,1.H00852,1.000852,1.5,1.5
2021-06-15,1.H00852,1.000852,1.5,1.5
2021-06-16,1.H00852,1.000852,1.5,1.5
2021-06-17,1.H00852,1.000852,1.486219298342193,1.5
2021-06-18,1.H00852,1.000852,1.4716056471038332,1.5
2021-06-21,1.H00852,1.000852,1.4659619549964564,1.5
2021-06-22,1.H00852,1.000852,1.5,1.5
2021-06-23,1.H00852,1.000852,1.5,1.5
2021-06-24,1.H00852,1.000852,1.5,1.5
2021-06-25,1.H00852,1.000852,1.5,1.5
2021-06-28,1.H00852,1.000852,1.5,1.5
2021-06-29,1.H00852,1.000852,1.5,1.5
2021-06-30,1.H00852,1.000852,1.5,1.5
2021-07-01,0.399606,0.399006,1.5,1.5
2021-07-02,0.399606,0.399006,1.5,1.5
2021-07-05,0.399606,0.399006,1.4898744432094297,1.474361535392295
2021-07-09,1.H00852,1.000852,1.5,1.5
2021-07-12,1.H00852,1.000852,1.5,1.5
2021-07-13,1.H00852,1.000852,1.5,1.5
2021-07-14,1.H00852,1.000852,1.5,1.5
2021-07-15,1.H00852,1.000852,1.4986771652037085,1.4941882469422358
2021-07-16,1.H00852,1.000852,1.4986923172145419,1.4941970482034452
2021-07-19,cash,1.000852,0.0,1.5
2021-07-20,cash,1.000852,0.0,1.5
2021-07-21,1.H00852,1.000852,1.5,1.5
2021-07-22,1.H00852,1.000852,1.5,1.5
2021-07-23,1.H00852,1.000852,1.5,1.5
2021-07-26,1.H00852,1.000852,1.5,1.5
2021-08-02,1.H11077,1.H11077,1.469242567742713,1.4495189985087145
2021-08-03,1.H11077,1.H11077,1.469242567742713,1.4495189985087145
2021-08-11,1.H00852,1.000852,1.5,1.4962827520751403
2021-08-12,1.H00852,1.000852,1.5,1.4981837180094022
2021-08-13,1.H00852,1.000852,1.5,1.4969800736662424
2021-08-24,1.H20955,1.H30269,1.5,1.5
2021-08-25,1.H20955,1.H30269,1.5,1.5
2021-08-26,1.H20955,1.H30269,1.5,1.5
2021-08-27,1.H20955,1.H30269,1.5,1.5
2021-08-30,1.H20955,1.H30269,1.5,1.5
2021-08-31,1.H20955,1.H30269,1.5,1.5
2021-09-01,1.H20955,1.H30269,1.5,1.5
2021-09-02,1.H20955,1.H30269,1.5,1.5
2021-09-03,1.H20955,1.H30269,1.5,1.5
2021-09-06,1.H20955,1.H30269,1.5,1.5
2021-09-07,1.H20955,1.H30269,1.5,1.5
2021-09-08,1.H20955,1.H30269,1.5,1.5
2021-09-09,1.H20955,1.H30269,1.5,1.5
2021-09-10,1.H20955,1.H30269,1.5,1.5
2021-09-13,1.H20955,1.H30269,1.5,1.5
2021-09-14,1.H20955,1.H30269,1.5,1.5
2021-09-15,1.H20955,1.H30269,1.5,1.5
2021-09-16,1.H20955,1.H30269,1.5,1.5
2021-09-17,1.H20955,1.H30269,1.5,1.5
2021-09-22,1.H20955,1.H30269,1.5,1.5
2021-09-23,1.H20955,1.H30269,1.5,1.5
2021-09-24,1.H20955,1.H30269,1.5,1.5
2021-09-27,1.H20955,1.H30269,1.5,1.5
2021-09-28,1.H20955,cash,1.5,0.0
2021-10-15,1.H00016,1.000016,1.5,1.4745891043594996
2021-10-21,1.H00016,1.000016,1.5,1.5
2021-10-22,1.H00016,1.000016,1.5,1.5
2021-10-25,0.399606,0.399006,1.5,1.5
2021-10-26,0.399606,0.399006,1.5,1.5
2021-10-27,0.399606,0.399006,1.5,1.5
2021-10-28,0.399606,0.399006,1.5,1.5
2021-10-29,0.399606,0.399006,1.5,1.5
2021-11-01,0.399606,0.399006,1.5,1.4929576074886852
2021-11-02,0.399606,0.399006,1.5,1.5
2021-11-03,0.399606,0.399006,1.5,1.5
2021-11-04,0.399606,0.399006,1.5,1.5
2021-11-05,0.399606,0.399006,1.5,1.5
2021-11-08,0.399606,0.399006,1.5,1.5
2021-11-09,0.399606,0.399006,1.5,1.5
2021-11-10,0.399606,0.399006,1.5,1.5
2021-11-11,0.399606,0.399006,1.5,1.5
2021-11-12,0.399606,0.399006,1.5,1.5
2021-11-15,0.399606,0.399006,1.5,1.5
2021-11-16,0.399606,0.399006,1.5,1.5
2021-11-17,0.399606,0.399006,1.5,1.5
2021-11-18,1.H00852,1.000852,1.5,1.5
2021-11-19,1.H00852,1.000852,1.5,1.5
2021-11-22,1.H00852,1.000852,1.5,1.5
2021-11-23,1.H00852,1.000852,1.5,1.5
2021-11-24,1.H00852,1.000852,1.5,1.5
2021-11-25,1.H00852,1.000852,1.5,1.5
2021-11-26,1.H00852,1.000852,1.5,1.5
2021-11-29,1.H00852,1.000852,1.5,1.5
2021-11-30,1.H00852,1.000852,1.5,1.5
2021-12-01,1.H00852,1.000852,1.5,1.5
2021-12-02,1.H00852,1.000852,1.5,1.5
2021-12-03,1.H00852,1.000852,1.5,1.5
2021-12-06,1.H00852,1.000852,1.5,1.5
2021-12-07,1.H00852,1.H30269,1.5,1.5
2021-12-08,1.H20955,1.H30269,1.5,1.5
2021-12-09,1.H20955,1.H30269,1.5,1.5
2021-12-10,1.H20955,1.H30269,1.5,1.5
2021-12-13,1.H20955,1.H30269,1.5,1.5
2021-12-14,1.H00016,1.H30269,1.5,1.5
2021-12-15,1.H00016,1.H30269,1.5,1.5
2021-12-16,1.H00016,1.H30269,1.5,1.5
2021-12-17,1.H20955,1.H30269,1.5,1.5
2021-12-20,1.H20955,1.H30269,1.5,1.5
2021-12-21,1.H20955,1.H30269,1.5,1.5
2021-12-22,1.H20955,1.H30269,1.5,1.5
2021-12-23,1.H20955,1.H30269,1.5,1.5
2021-12-24,1.H20955,1.H30269,1.5,1.5
2021-12-27,1.H20955,1.H30269,1.5,1.5
2021-12-28,1.H20955,1.H30269,1.5,1.5
2021-12-29,1.H20955,1.H30269,1.5,1.5
2021-12-30,1.H20955,1.H30269,1.5,1.5
2021-12-31,1.H20955,1.H30269,1.5,1.5
2022-01-04,1.H20955,1.H30269,1.5,1.5
2022-01-05,1.H20955,1.H30269,1.5,1.5
2022-01-06,1.H20955,1.H30269,1.5,1.5
2022-01-07,1.H20955,1.H30269,1.5,1.5
2022-01-10,1.H20955,1.H30269,1.5,1.5
2022-01-11,1.H20955,1.H30269,1.5,1.5
2022-01-12,1.H20955,1.H30269,1.5,1.5
2022-01-13,1.H20955,1.H30269,1.5,1.5
2022-01-14,1.H20955,1.H30269,1.5,1.5
2022-01-17,1.H20955,1.H30269,1.5,1.5
2022-01-18,1.H20955,1.H30269,1.5,1.5
2022-01-19,1.H20955,1.H30269,1.5,1.5
2022-01-20,1.H20955,1.H30269,1.5,1.5
2022-01-21,1.H20955,1.H30269,1.5,1.5
2022-01-24,cash,1.H30269,0.0,1.5
2022-02-18,cash,1.H30269,0.0,1.5
2022-02-21,cash,1.H30269,0.0,1.5
2022-02-22,cash,1.H30269,0.0,1.5
2022-03-01,1.H00852,1.000852,1.5,1.5
2022-03-02,1.H00852,1.000852,1.5,1.5
2022-03-03,1.H00852,1.000852,1.5,1.5
2022-03-04,1.H00852,1.000852,1.5,1.5
2022-04-07,1.H20955,1.H30269,1.5,1.5
2022-04-08,1.H20955,1.H30269,1.5,1.5
2022-04-11,1.H20955,1.H30269,1.5,1.5
2022-04-12,1.H20955,1.H30269,1.5,1.5
2022-04-13,1.H20955,1.H30269,1.5,1.5
2022-04-14,1.H20955,1.H30269,1.5,1.5
2022-04-15,1.H20955,1.H30269,1.5,1.5
2022-04-18,cash,1.H30269,0.0,1.5
2022-04-19,cash,1.H30269,0.0,1.5
2022-04-20,cash,1.H30269,0.0,1.5
2022-05-23,1.H00852,cash,1.5,0.0
2022-05-25,1.H00852,1.000852,1.5,1.5
2022-05-26,1.H00852,1.000852,1.5,1.5
2022-05-27,1.H00852,1.000852,1.5,1.5
2022-05-30,1.H00852,1.000852,1.5,1.5
2022-05-31,1.H00852,1.000852,1.5,1.5
2022-06-01,1.H00852,1.000852,1.5,1.5
2022-06-02,1.H00852,1.000852,1.5,1.5
2022-06-06,1.H00852,1.000852,1.5,1.5
2022-06-07,1.H00852,1.000852,1.5,1.5
2022-06-08,1.H00852,1.000852,1.5,1.5
2022-06-09,0.399606,0.399006,1.5,1.5
2022-06-10,0.399606,0.399006,1.5,1.5
2022-06-13,0.399606,0.399006,1.5,1.5
2022-06-14,0.399606,0.399006,1.5,1.5
2022-06-15,0.399606,0.399006,1.5,1.5
2022-06-16,0.399606,0.399006,1.5,1.5
2022-06-17,0.399606,0.399006,1.5,1.5
2022-06-20,0.399606,0.399006,1.5,1.5
2022-06-21,0.399606,0.399006,1.5,1.5
2022-06-22,0.399606,0.399006,1.5,1.5
2022-06-23,0.399606,0.399006,1.5,1.5
2022-06-24,0.399606,0.399006,1.5,1.5
2022-06-27,0.399606,0.399006,1.5,1.5
2022-06-28,0.399606,0.399006,1.5,1.5
2022-06-29,0.399606,0.399006,1.5,1.5
2022-06-30,0.399606,0.399006,1.5,1.5
2022-07-01,0.399606,0.399006,1.5,1.5
2022-07-04,0.399606,0.399006,1.5,1.5
2022-07-05,0.399606,0.399006,1.5,1.5
2022-07-06,0.399606,0.399006,1.5,1.5
2022-07-07,0.399606,0.399006,1.5,1.5
2022-07-08,0.399606,0.399006,1.5,1.5
2022-07-11,0.399606,0.399006,1.5,1.5
2022-07-12,0.399606,0.399006,1.5,1.5
2022-07-13,0.399606,0.399006,1.5,1.5
2022-08-25,cash,1.H30269,0.0,1.5
2022-08-26,cash,1.H30269,0.0,1.5
2022-08-29,cash,1.H30269,0.0,1.5
2022-08-30,1.H20955,1.H30269,1.5,1.5
2022-08-31,1.H20955,1.H30269,1.5,1.5
2022-09-01,1.H20955,1.H30269,1.5,1.5
2022-09-02,1.H20955,1.H30269,1.5,1.5
2022-09-05,1.H20955,1.H30269,1.5,1.5
2022-09-06,1.H20955,1.H30269,1.5,1.5
2022-09-07,1.H20955,1.H30269,1.5,1.5
2022-09-08,1.H20955,1.H30269,1.5,1.5
2022-09-09,1.H20955,1.H30269,1.5,1.5
2022-09-13,1.H20955,1.H30269,1.5,1.5
2022-09-14,cash,1.H30269,0.0,1.5
2022-09-15,cash,1.H30269,0.0,1.5
2022-09-16,cash,1.H30269,0.0,1.5
2022-09-19,cash,1.H30269,0.0,1.5
2022-09-20,cash,1.H30269,0.0,1.5
2022-09-21,cash,1.H30269,0.0,1.5
2022-09-22,cash,1.H30269,0.0,1.5
2022-11-02,1.H00852,1.000852,1.5,1.5
2022-11-03,1.H00852,1.000852,1.5,1.5
2022-11-04,1.H00852,1.000852,1.5,1.5
2022-11-07,1.H00852,1.000852,1.5,1.5
2022-11-08,1.H00852,1.000852,1.5,1.5
2022-11-09,1.H00852,1.000852,1.5,1.5
2022-11-10,1.H00852,1.000852,1.5,1.5
2022-11-11,1.H00852,1.000852,1.5,1.5
2022-11-16,1.H00016,1.000016,1.5,1.5
2022-11-17,1.H00016,1.000016,1.5,1.5
2022-11-18,1.H00016,1.000016,1.5,1.5
2022-11-21,1.H00016,1.000016,1.5,1.5
2022-11-22,1.H00016,1.000016,1.5,1.5
2022-11-23,1.H00016,1.000016,1.5,1.5
2022-11-24,1.H00016,1.000016,1.5,1.5
2022-11-25,1.H00016,1.000016,1.5,1.5
2022-11-28,1.H00016,1.000016,1.5,1.5
2022-11-29,1.H00016,1.000016,1.5,1.5
2022-11-30,1.H00016,1.H30269,1.5,1.5
2022-12-01,1.H00016,1.H30269,1.5,1.5
2022-12-02,1.H00016,1.000016,1.5,1.5
2022-12-05,1.H00016,1.000016,1.5,1.5
2022-12-06,1.H00016,1.000016,1.5,1.5
2022-12-07,1.H00016,1.000016,1.5,1.5
2022-12-08,1.H00016,1.000016,1.5,1.5
2022-12-09,1.H00016,1.000016,1.5,1.5
2022-12-12,1.H00016,1.000016,1.5,1.5
2022-12-13,1.H00016,1.000016,1.5,1.5
2022-12-14,1.H00016,1.000016,1.5,1.5
2022-12-15,1.H00016,1.000016,1.5,1.5
2022-12-16,1.H00016,1.000016,1.5,1.5
2022-12-19,1.H00016,1.000016,1.5,1.5
2022-12-20,1.H00016,1.000016,1.5,1.5
2022-12-21,1.H00016,1.000016,1.5,1.5
2022-12-22,1.H00016,1.000016,1.5,1.5
2023-01-10,0.399606,0.399006,1.5,1.5
2023-01-11,0.399606,0.399006,1.5,1.5
2023-01-12,0.399606,0.399006,1.5,1.5
2023-01-13,0.399606,0.399006,1.5,1.5
2023-01-16,0.399606,0.399006,1.5,1.5
2023-01-17,0.399606,0.399006,1.5,1.5
2023-01-18,0.399606,0.399006,1.5,1.5
2023-01-19,0.399606,0.399006,1.5,1.5
2023-01-20,0.399606,0.399006,1.5,1.5
2023-01-30,0.399606,0.399006,1.5,1.5
2023-01-31,0.399606,0.399006,1.5,1.5
2023-02-01,0.399606,0.399006,1.5,1.5
2023-02-02,0.399606,0.399006,1.5,1.5
2023-02-03,0.399606,0.399006,1.5,1.5
2023-02-06,1.H00852,1.000852,1.5,1.5
2023-02-07,1.H00852,1.000852,1.5,1.5
2023-02-08,1.H00852,1.000852,1.5,1.5
2023-02-09,1.H00852,1.000852,1.5,1.5
2023-02-10,1.H00852,1.000852,1.5,1.5
2023-02-13,1.H00852,1.000852,1.5,1.5
2023-02-14,1.H00852,1.000852,1.5,1.5
2023-02-15,1.H00852,1.000852,1.5,1.5
2023-02-16,1.H00852,1.000852,1.5,1.5
2023-02-17,1.H00852,1.000852,1.5,1.5
2023-02-20,1.H00852,1.000852,1.5,1.5
2023-02-21,1.H00852,1.000852,1.5,1.5
2023-02-22,1.H00852,1.H30269,1.5,1.5
2023-02-23,1.H20955,1.H30269,1.5,1.5
2023-02-24,1.H20955,1.H30269,1.5,1.5
2023-02-27,1.H20955,1.H30269,1.5,1.5
2023-02-28,1.H20955,1.H30269,1.5,1.5
2023-03-01,1.H20955,1.H30269,1.5,1.5
2023-03-02,1.H20955,1.H30269,1.5,1.5
2023-03-03,1.H20955,1.H30269,1.5,1.5
2023-03-06,1.H20955,1.H30269,1.5,1.5
2023-03-07,1.H20955,1.H30269,1.5,1.5
2023-03-08,1.H20955,1.H30269,1.5,1.5
2023-03-09,1.H20955,1.H30269,1.5,1.5
2023-03-10,1.H20955,1.H30269,1.5,1.5
2023-03-13,1.H20955,1.H30269,1.5,1.5
2023-03-14,cash,1.H30269,0.0,1.5
2023-03-15,cash,1.H30269,0.0,1.5
2023-03-16,cash,1.H30269,0.0,1.5
2023-03-17,cash,1.H30269,0.0,1.5
2023-03-20,cash,1.H30269,0.0,1.5
2023-04-06,0.399606,0.399006,1.5,1.5
2023-04-07,0.399606,0.399006,1.5,1.5
2023-04-10,0.399606,0.399006,1.5,1.5
2023-04-11,0.399606,0.399006,1.5,1.5
2023-04-12,0.399606,0.399006,1.5,1.5
2023-04-13,0.399606,0.399006,1.5,1.5
2023-04-14,0.399606,0.399006,1.5,1.5
2023-04-17,0.399606,0.399006,1.5,1.5
2023-04-18,0.399606,0.399006,1.5,1.5
2023-04-19,1.H00016,1.000016,1.5,1.5
2023-04-20,1.H00016,1.H30269,1.5,1.5
2023-04-21,cash,1.H30269,0.0,1.5
2023-04-24,1.H20955,1.H30269,1.5,1.5
2023-04-25,1.H20955,1.H30269,1.5,1.5
2023-04-26,1.H20955,1.H30269,1.5,1.5
2023-04-27,1.H20955,1.H30269,1.5,1.5
2023-04-28,1.H20955,1.H30269,1.5,1.5
2023-05-04,1.H20955,1.H30269,1.5,1.5
2023-05-05,1.H20955,1.H30269,1.5,1.5
2023-05-08,1.H20955,1.H30269,1.5,1.5
2023-05-09,1.H20955,1.H30269,1.5,1.5
2023-05-10,1.H20955,1.H30269,1.5,1.5
2023-05-11,1.H20955,1.H30269,1.5,1.5
2023-05-12,1.H20955,1.H30269,1.5,1.5
2023-05-15,1.H20955,1.H30269,1.5,1.5
2023-05-16,1.H20955,1.H30269,1.5,1.5
2023-07-24,1.H00016,cash,1.5,0.0
2023-07-25,1.H00016,cash,1.5,0.0
2023-07-26,1.H00016,1.000016,1.5,1.5
2023-07-27,1.H00016,1.000016,1.5,1.5
2023-07-28,1.H00016,1.000016,1.5,1.5
2023-07-31,1.H00016,1.000016,1.5,1.5
2023-08-01,1.H00016,1.000016,1.5,1.5
2023-08-02,1.H00016,1.000016,1.5,1.5
2023-08-03,1.H00016,1.000016,1.5,1.5
2023-08-04,1.H00016,1.000016,1.5,1.5
2023-08-07,1.H00016,1.000016,1.5,1.5
2023-08-08,1.H00016,1.000016,1.5,1.5
2023-08-09,1.H00016,1.000016,1.5,1.5
2023-08-10,1.H00016,1.000016,1.5,1.5
2023-08-15,1.H20955,cash,1.5,0.0
2023-08-16,1.H20955,cash,1.5,0.0
2023-09-22,cash,1.H30269,0.0,1.5
2023-11-13,0.399606,0.399006,1.5,1.5
2023-11-14,0.399606,0.399006,1.5,1.5
2023-11-15,0.399606,0.399006,1.5,1.5
2023-11-16,0.399606,0.399006,1.5,1.5
2023-11-17,1.H00852,1.000852,1.5,1.5
2023-11-20,1.H00852,1.000852,1.5,1.5
2023-11-21,1.H00852,1.000852,1.5,1.5
2023-11-22,1.H00852,1.000852,1.5,1.5
2023-11-23,1.H00852,1.000852,1.5,1.5
2023-11-24,1.H00852,1.000852,1.5,1.5
2023-11-28,cash,1.000852,0.0,1.5
2023-11-29,cash,1.000852,0.0,1.5
2024-01-08,cash,1.H30269,0.0,1.5
2024-01-09,cash,1.H30269,0.0,1.5
2024-01-15,cash,1.H30269,0.0,1.5
2024-01-16,cash,1.H30269,0.0,1.5
2024-01-17,cash,1.H30269,0.0,1.5
2024-01-18,cash,1.H30269,0.0,1.5
2024-01-25,1.H00016,1.000016,1.5,1.5
2024-02-06,1.H00016,1.000016,1.5,1.5
2024-02-07,1.H00016,1.000016,1.5,1.5
2024-02-08,1.H00016,1.000016,1.5,1.5
2024-02-19,1.H00016,1.000016,1.5,1.5
2024-02-20,1.H00016,1.000016,1.5,1.5
2024-02-26,0.399606,0.399006,1.5,1.5
2024-02-27,0.399606,0.399006,1.5,1.5
2024-02-28,0.399606,0.399006,1.5,1.5
2024-02-29,0.399606,0.399006,1.5,1.5
2024-03-01,0.399606,0.399006,1.5,1.5
2024-03-04,1.H00852,1.000852,1.5,1.5
2024-03-05,1.H00852,1.000852,1.5,1.5
2024-03-06,1.H00852,1.000852,1.5,1.5
2024-03-07,1.H00852,1.000852,1.5,1.5
2024-03-08,1.H00852,1.000852,1.5,1.5
2024-03-11,1.H00852,1.000852,1.5,1.5
2024-03-12,1.H00852,1.000852,1.5,1.5
2024-03-13,1.H00852,1.000852,1.5,1.5
2024-03-14,1.H00852,1.000852,1.5,1.5
2024-03-15,1.H00852,1.000852,1.5,1.5
2024-03-18,1.H00852,1.000852,1.5,1.5
2024-03-19,1.H00852,1.000852,1.5,1.5
2024-03-20,1.H00852,1.000852,1.5,1.5
2024-03-21,1.H00852,1.000852,1.5,1.5
2024-03-22,1.H00852,1.000852,1.5,1.5
2024-03-25,1.H00852,1.000852,1.5,1.5
2024-03-27,1.H00852,1.000852,1.5,1.5
2024-04-11,1.H20955,1.H30269,1.5,1.5
2024-04-12,1.H20955,1.H30269,1.5,1.5
2024-04-15,1.H20955,1.H30269,1.5,1.5
2024-04-16,cash,1.H30269,0.0,1.5
2024-04-17,1.H20955,1.H30269,1.5,1.5
2024-04-18,1.H20955,1.H30269,1.5,1.5
2024-04-19,1.H20955,1.H30269,1.5,1.5
2024-04-22,1.H20955,1.H30269,1.5,1.5
2024-04-23,1.H20955,1.H30269,1.5,1.5
2024-04-24,1.H20955,1.H30269,1.5,1.5
2024-04-25,1.H20955,1.H30269,1.5,1.5
2024-04-26,1.H20955,1.H30269,1.5,1.5
2024-04-29,1.H20955,cash,1.5,0.0
2024-05-09,1.H00852,1.000852,1.5,1.5
2024-05-10,1.H00852,cash,1.5,0.0
2024-05-13,1.H00852,1.000852,1.5,1.5
2024-05-14,1.H00852,1.000852,1.5,1.5
2024-05-15,1.H00852,1.000852,1.5,1.5
2024-05-16,1.H00852,1.000852,1.5,1.5
2024-05-17,1.H00852,1.000852,1.5,1.5
2024-05-20,1.H00852,1.000852,1.5,1.5
2024-05-21,0.399606,1.000016,1.5,1.5
2024-05-22,cash,1.000016,0.0,1.5
2024-05-24,1.H20955,1.H30269,1.5,1.5
2024-05-27,1.H20955,1.H30269,1.5,1.5
2024-05-28,cash,1.H30269,0.0,1.5
2024-05-29,cash,1.H30269,0.0,1.5
2024-05-30,cash,1.H30269,0.0,1.5
2024-05-31,cash,1.H30269,0.0,1.5
2024-07-16,1.H00016,cash,1.5,0.0
2024-07-17,1.H00016,cash,1.5,0.0
2024-07-18,1.H00016,cash,1.5,0.0
2024-07-19,1.H00016,cash,1.5,0.0
2024-08-27,cash,1.H30269,0.0,1.5
2024-09-25,0.399606,0.399006,1.5,1.5
2024-09-26,0.399606,0.399006,1.5,1.5
2024-09-27,0.399606,0.399006,1.5,1.5
2024-09-30,0.399606,0.399006,1.5,1.5
2024-10-17,0.399606,0.399006,0.6824206770130867,0.6826200934482097
2024-10-18,0.399606,0.399006,0.6824206770130867,0.6826200934482097
2024-10-25,1.H00852,1.000852,0.6555823172343339,0.6556393587955984
2024-10-28,1.H00852,1.000852,0.6555823172343339,0.6556393587955984
2024-10-29,1.H00852,1.000852,0.6552758161370288,0.6553075368414932
2024-10-30,1.H00852,1.000852,0.6528959479959043,0.6529424895723276
2024-10-31,1.H00852,1.000852,0.6531276676738653,0.6531658057373128
2024-11-01,1.H00852,1.000852,0.6529974753914939,0.6530184459731241
2024-11-04,1.H00852,1.000852,0.6465482148654162,0.6466013941354405
2024-11-06,1.H00852,1.000852,0.6426517550539346,0.6426285962137132
2024-11-07,1.H00852,1.000852,0.6426517550539346,0.6426285962137132
2024-11-08,1.H00852,1.000852,0.6424913605475491,0.6424455799427846
2024-11-11,1.H00852,1.000852,0.6426643162644813,0.6426099447649418
2024-11-14,1.H00905,1.000905,0.6399955071497279,0.6399270361411025
2024-12-09,cash,1.H30269,0.0,0.6353076767968628
2024-12-10,cash,1.H30269,0.0,0.6353076767968628
2024-12-11,cash,1.H30269,0.0,0.6353291256105149
2024-12-12,1.H11077,1.H30269,0.6357921063097529,0.6353436545209672
2024-12-13,1.H11077,1.H11077,0.6357921063097529,0.6354920592247897
2024-12-16,1.H11077,1.H11077,0.6359618091789878,0.6327629491006066
2024-12-17,1.H11077,1.H11077,0.6361409124790977,0.6329300372107057
2024-12-18,1.H11077,1.H11077,0.6361095068820339,0.6329003416252006
2024-12-19,1.H11077,1.H11077,0.636024946108711,0.6328202456703519
2024-12-20,1.H11077,1.H11077,0.6359696297728212,0.6327679015217447
2024-12-23,1.H11077,1.H11077,0.6361335718741575,0.6329211236258685
2024-12-24,1.H11077,1.H11077,0.6361545708525168,0.6329409386742547
2024-12-25,1.H11077,1.H11077,0.6360527279166897,0.6328444182894303
2024-12-26,1.H11077,1.H11077,0.6359682382485816,0.6327643895891502
2024-12-27,1.H11077,1.H11077,0.6359210537354603,0.632719752542969
2024-12-30,1.H11077,1.H11077,0.6361002414414946,0.6334752602368183
2024-12-31,1.H11077,1.H11077,0.6360199320159649,0.6333982222997218
2025-01-02,1.H11077,1.H11077,0.6361496252486147,0.6335217124131284
2025-01-03,1.H11077,1.H11077,0.6363641522961041,0.6337245928674099
2025-01-06,1.H11077,1.H11077,0.6364696482978336,0.6338252131904468
2025-01-07,1.H11077,1.H11077,0.636504833459137,0.6338588675688759
2025-02-07,0.399606,0.399006,1.5,1.5
2025-02-10,1.H00852,1.000852,1.5,1.5
2025-02-11,1.H00852,1.000852,1.5,1.5
2025-02-12,1.H00852,1.000852,1.5,1.5
2025-02-13,1.H00852,1.000852,1.5,1.5
2025-02-14,1.H00852,1.000852,1.5,1.5
2025-02-17,1.H00852,1.000852,1.5,1.5
2025-02-18,1.H00852,1.000852,1.5,1.5
2025-02-19,0.399606,0.399006,1.5,1.5
2025-02-20,0.399606,0.399006,1.5,1.5
2025-02-21,0.399606,0.399006,1.5,1.5
2025-02-24,1.H00852,1.000852,1.5,1.5
2025-02-25,1.H00852,1.000852,1.5,1.5
2025-02-26,1.H00852,1.000852,1.5,1.5
2025-02-27,1.H00852,1.000852,1.5,1.5
2025-02-28,1.H00852,1.000852,1.5,1.5
2025-03-03,1.H00852,1.000852,1.5,1.5
2025-03-04,1.H00852,1.000852,1.5,1.5
2025-03-05,1.H00852,1.000852,1.5,1.5
2025-03-06,1.H00852,1.000852,1.5,1.5
2025-03-07,1.H00852,1.000852,1.5,1.5
2025-03-10,1.H00852,1.000852,1.5,1.5
2025-03-11,1.H00852,1.000852,1.5,1.5
2025-03-12,1.H00852,1.000852,1.5,1.5
2025-03-13,1.H00852,1.000852,1.5,1.5
2025-03-14,1.H00852,1.000852,1.5,1.5
2025-03-17,1.H00852,1.000852,1.5,1.5
2025-03-18,1.H00852,1.000016,1.5,1.5
2025-03-19,1.H00016,1.000016,1.5,1.5
2025-03-20,1.H00016,1.000016,1.5,1.5
2025-03-24,1.H20955,1.H30269,1.5,1.5
2025-03-25,1.H20955,1.H30269,1.5,1.5
2025-03-26,1.H20955,1.H30269,1.5,1.5
2025-03-27,cash,1.H30269,0.0,1.5
2025-03-28,1.H20955,1.H30269,1.5,1.5
2025-03-31,cash,1.H30269,0.0,1.5
2025-04-01,1.H20955,1.H30269,1.5,1.5
2025-04-02,1.H20955,1.H30269,1.5,1.5
2025-04-03,1.H20955,1.H30269,1.5,1.5
2025-05-08,0.399606,0.399006,1.5,1.5
2025-05-09,0.399606,0.399006,1.5,1.5
2025-05-12,0.399606,0.399006,1.5,1.5
2025-05-13,0.399606,0.399006,1.5,1.5
2025-05-14,0.399606,0.399006,1.5,1.5
2025-05-15,0.399606,0.399006,1.5,1.5
2025-05-16,0.399606,0.399006,1.5,1.5
2025-05-19,0.399606,0.399006,1.5,1.5
2025-05-20,0.399606,0.399006,1.5,1.5
2025-05-21,0.399606,0.399006,1.5,1.5
2025-05-22,0.399606,0.399006,1.5,1.5
2025-05-23,0.399606,0.399006,1.5,1.5
2025-05-26,0.399606,0.399006,1.5,1.5
2025-05-27,0.399606,0.399006,1.5,1.5
2025-05-28,0.399606,cash,1.5,0.0
2025-06-03,cash,1.H30269,0.0,1.5
2025-06-04,0.399606,1.H30269,1.5,1.5
2025-06-05,cash,0.399006,0.0,1.5
2025-06-24,0.399606,0.399006,1.5,1.5
2025-06-25,0.399606,0.399006,1.5,1.5
2025-06-26,0.399606,0.399006,1.5,1.5
2025-06-27,0.399606,0.399006,1.5,1.5
2025-06-30,0.399606,0.399006,1.5,1.5
2025-07-01,0.399606,0.399006,1.5,1.5
2025-07-02,0.399606,0.399006,1.5,1.5
2025-07-03,0.399606,0.399006,1.5,1.5
2025-07-04,0.399606,0.399006,1.5,1.5
2025-07-07,0.399606,0.399006,1.5,1.5
2025-07-08,0.399606,0.399006,1.5,1.5
2025-07-09,0.399606,0.399006,1.5,1.5
2025-07-10,0.399606,0.399006,1.5,1.5
2025-07-11,0.399606,0.399006,1.5,1.5
2025-07-14,0.399606,0.399006,1.5,1.5
2025-07-15,0.399606,0.399006,1.5,1.5
2025-07-16,0.399606,0.399006,1.5,1.5
2025-07-17,0.399606,0.399006,1.5,1.5
2025-07-18,0.399606,0.399006,1.5,1.5
2025-07-21,0.399606,0.399006,1.5,1.5
2025-07-22,0.399606,0.399006,1.5,1.5
2025-07-23,0.399606,0.399006,1.5,1.5
2025-07-24,0.399606,0.399006,1.5,1.5
2025-07-25,0.399606,0.399006,1.5,1.5
2025-07-28,0.399606,0.399006,1.5,1.5
2025-07-29,0.399606,0.399006,1.5,1.5
2025-07-30,0.399606,0.399006,1.5,1.5
2025-07-31,0.399606,0.399006,1.5,1.5
2025-08-01,0.399606,0.399006,1.5,1.5
2025-08-04,1.H00905,1.000905,1.5,1.5
2025-08-05,1.H00905,1.000905,1.5,1.5
2025-08-06,1.H00852,1.000852,1.5,1.5
2025-08-07,1.H00852,1.000852,1.5,1.5
2025-08-08,1.H00852,1.000852,1.5,1.5
2025-08-11,1.H00852,1.000852,1.5,1.5
2025-08-12,1.H00852,1.000852,1.5,1.5
2025-08-13,1.H00852,1.000852,1.5,1.5
2025-08-14,1.H00852,1.000852,1.5,1.5
2025-08-15,1.H00852,1.000852,1.5,1.5
2025-08-18,0.399606,0.399006,1.5,1.5
2025-08-19,0.399606,0.399006,1.5,1.5
2025-08-20,0.399606,0.399006,1.5,1.5
2025-08-21,0.399606,0.399006,1.5,1.5
2025-08-22,0.399606,0.399006,1.5,1.5
2025-08-25,0.399606,0.399006,1.5,1.5
2025-08-26,0.399606,0.399006,1.5,1.5
2025-08-27,0.399606,0.399006,1.5,1.5
2025-08-28,0.399606,0.399006,1.5,1.5
2025-08-29,0.399606,0.399006,1.5,1.5
2025-09-01,0.399606,0.399006,1.5,1.5
2025-09-03,0.399606,0.399006,1.5,1.5
2025-09-04,0.399606,0.399006,1.5,1.5
2025-09-05,0.399606,0.399006,1.4586078130911946,1.4602820568015569
2025-09-08,0.399606,0.399006,1.3069670837467084,1.3059982542106474
2025-09-09,0.399606,0.399006,1.3024085392235198,1.3016840541946584
2025-09-10,0.399606,0.399006,1.2791100448067554,1.2791641246614205
2025-09-11,0.399606,0.399006,1.2767845028388563,1.276709547180929
2025-09-12,0.399606,0.399006,1.203805057234863,1.2024992570126776
2025-09-15,0.399606,0.399006,1.2025954701692683,1.2013974771519098
2025-09-16,0.399606,0.399006,1.2067550305192396,1.2050548827538128
2025-09-17,0.399606,0.399006,1.2110886374652425,1.209391706524296
2025-09-18,0.399606,0.399006,1.208624361864001,1.2063839969039
2025-09-19,0.399606,0.399006,1.1967710160026048,1.1951406326638334
2025-09-22,0.399606,0.399006,1.1981225537322389,1.1946275621353177
2025-09-29,1.H00905,1.000905,1.1999833423440758,1.2008953504312754
2025-09-30,1.H00905,1.000905,1.1999833423440758,1.2008953504312754
2025-10-09,1.H00905,1.000905,1.2002054795174797,1.2011172976437743
2025-10-22,1.H20955,1.H30269,1.1784355830980244,1.1792833515483685
2025-10-23,1.H20955,1.H30269,1.1784355830980244,1.1792833515483685
2025-10-24,1.H20955,1.H30269,1.1988403545486286,1.1996178391804517
2025-10-27,1.H20955,1.H30269,1.1986664045814817,1.199567988793818
2025-10-28,1.H20955,1.H30269,1.198608914608336,1.199134195226547
2025-10-29,1.H20955,1.H30269,1.1986647946099656,1.2006558478331129
2025-10-30,1.H20955,1.H30269,1.199204550322945,1.1975410493190803
2025-10-31,1.H20955,1.H30269,1.205846677066015,1.2043135392782376
2025-11-03,1.H20955,1.H30269,1.2118811424395555,1.210339880073133
2025-11-04,1.H20955,1.H30269,1.212890730448547,1.2096004470732717
2025-11-05,1.H20955,1.H30269,1.2212015452024396,1.216741699474029
2025-11-06,1.H20955,1.H30269,1.2331355876563772,1.228174234442905
2025-11-07,1.H20955,1.H30269,1.2332995029179965,1.2278788913913379
2025-11-10,1.H20955,1.H30269,1.2334271600733258,1.2274782238903765
2025-11-11,1.H20955,1.H30269,1.2331010015368087,1.2271876861112052
2025-11-12,1.H20955,1.H30269,1.2352332521930725,1.2295259106224106
2025-11-13,1.H20955,1.H30269,1.240729251078531,1.2346530048567734
2025-11-14,1.H20955,1.H30269,1.24164214663681,1.2351024182764947
2025-11-17,1.H20955,1.H30269,1.2447388920170277,1.239257396985122
2025-12-12,0.399606,0.399006,1.2879995234669441,1.2819907758104803
2025-12-17,0.399606,0.399006,1.2998124466713261,1.2936900278280676
2025-12-18,0.399606,0.399006,1.3002432799862855,1.2941119226342668
2025-12-19,0.399606,0.399006,1.2793075807634244,1.2734785720482482
2025-12-22,1.H00905,1.000905,1.2806720291829639,1.2748150535838545
2025-12-23,1.H00905,1.000905,1.3021112016932208,1.2959679959611041
2025-12-24,1.H00905,1.000905,1.3331294649539114,1.3265703997923977
2025-12-25,1.H00905,1.000905,1.3313837329853608,1.324855712803219
2025-12-26,1.H00905,1.000905,1.3331327166650446,1.3265624047089921
2025-12-29,1.H00905,1.000905,1.3891821072296058,1.3817922895537706
2025-12-30,1.H00905,1.000905,1.4080904933439018,1.4004055669612103
2025-12-31,1.H00905,1.000905,1.4308370691824281,1.4228034481499694
2026-01-05,1.H00905,1.000905,1.4775617465788111,1.4686748944821368
2026-01-06,1.H00905,1.000905,1.448707555371432,1.440290844589737
2026-01-07,1.H00905,1.000905,1.5,1.5
2026-01-08,1.H00905,1.000905,1.5,1.5
2026-01-09,1.H00905,1.000905,1.5,1.5
2026-01-12,1.H00905,1.000905,1.5,1.5
2026-01-13,1.H00905,1.000905,1.5,1.5
2026-01-14,1.H00905,1.000905,1.5,1.5
2026-01-15,1.H00905,1.000905,1.5,1.5
2026-01-16,1.H00905,1.000905,1.5,1.5
2026-01-19,1.H00905,1.000905,1.5,1.5
2026-01-20,1.H00905,1.000905,1.5,1.5
2026-01-21,1.H00905,1.000905,1.5,1.5
2026-01-22,1.H00905,1.000905,1.5,1.5
2026-01-23,1.H00905,1.000905,1.5,1.5
2026-01-26,1.H00905,1.000905,1.5,1.5
2026-01-27,1.H00905,1.000905,1.5,1.5
2026-01-28,1.H00905,1.000905,1.5,1.5
2026-01-29,1.H00905,1.000905,1.5,1.5
2026-01-30,1.H00905,1.000905,1.5,1.5
2026-02-02,cash,1.000905,0.0,1.5
2026-02-05,1.H20955,cash,1.5,0.0
2026-02-10,1.H20955,cash,1.5,0.0
2026-02-11,1.H20955,1.H30269,1.5,1.5
2026-02-12,1.H20955,1.H30269,1.5,1.5
2026-02-13,1.H20955,cash,1.5,0.0
2026-02-24,1.H20955,1.H30269,1.5,1.5
2026-02-26,1.H20955,cash,1.5,0.0
2026-02-27,1.H20955,cash,1.5,0.0
2026-03-02,1.H20955,1.H30269,1.5,1.5
2026-03-03,1.H20955,1.H30269,1.5,1.5
2026-03-04,1.H20955,1.H30269,1.5,1.5
2026-03-05,cash,1.H30269,0.0,1.5
2026-03-10,1.H20955,1.H30269,1.5,1.5
2026-03-11,1.H20955,1.H30269,1.5,1.5
2026-03-12,1.H20955,1.H30269,1.5,1.5
2026-03-13,1.H20955,1.H30269,1.5,1.5
2026-03-16,1.H20955,1.H30269,1.5,1.5
2026-03-17,cash,1.H30269,0.0,1.5
2026-04-15,0.399606,0.399006,1.5,1.5
2026-04-16,0.399606,0.399006,1.5,1.5
2026-04-17,0.399606,0.399006,1.5,1.5
2026-04-20,0.399606,0.399006,1.5,1.5
2026-04-21,0.399606,0.399006,1.5,1.5
2026-04-22,0.399606,0.399006,1.5,1.5
2026-04-23,0.399606,0.399006,1.5,1.5
2026-04-24,0.399606,0.399006,1.5,1.5
2026-04-27,0.399606,0.399006,1.5,1.5
2026-04-28,0.399606,0.399006,1.5,1.5
2026-04-29,0.399606,0.399006,1.5,1.5
2026-04-30,0.399606,0.399006,1.5,1.5
2026-05-06,0.399606,0.399006,1.5,1.5
2026-05-07,0.399606,1.000905,1.5,1.5
2026-05-08,1.H00905,1.000905,1.5,1.5
2026-05-11,1.H00905,1.000905,1.5,1.5
2026-05-12,1.H00905,1.000905,1.5,1.5
2026-05-13,1.H00905,1.000905,1.5,1.5
2026-05-14,1.H00905,1.000905,1.5,1.5
2026-05-15,1.H00905,1.000905,1.5,1.5
2026-05-18,1.H00852,1.000852,1.5,1.5
2026-05-19,1.H00852,1.000852,1.5,1.5
2026-05-20,1.H00852,1.000852,1.5,1.5
2026-05-22,1.H00852,1.000852,1.5,1.5
2026-05-25,1.H00852,0.399006,1.5,1.5
2026-05-26,0.399606,0.399006,1.5,1.5
2026-05-27,0.399606,0.399006,1.5,1.5
2026-05-28,0.399606,0.399006,1.5,1.5
2026-05-29,0.399606,0.399006,1.5,1.5
